(781.347740530061, 1024.1319473178742)
(795.8535016659598, 1056.3189790573658)
(781.9121395842955, 1080.0168409823837)
(761.2881210146272, 1178.2789358950067)
(770.7743516421017, 1099.7770279608892)
(788.0618802456305, 1039.6474077449336)
(794.718919225061, 999.5616663597266)
(782.4591042546773, 1060.2292951280283)
(761.0117058199401, 1053.5294326029546)
(783.1798513123287, 1102.596680706734)
(778.3142700150307, 1035.1933718611815)
(752.2563788705352, 1115.7263741292318)
(780.077630009737, 1017.8845047332985)
(781.9634559880043, 974.0682357925715)
(781.6241557247482, 1096.5857183329185)
(754.8934483861707, 1156.3838919132497)
(760.6757910968234, 1035.5903044840236)
(775.1375135924478, 1059.0320882888866)
(761.678737681592, 1088.389396756887)
(738.2298183653056, 1129.9959922237422)
(789.7003754644854, 1023.3056377893844)
(766.9886508418542, 1089.4441706734435)
(779.9178964661807, 1154.3711053544741)
(757.6108373542274, 1150.0301291940216)
(766.8661848582934, 1015.1104517796172)
(789.7608617407636, 990.4112485527453)
(784.4301286565094, 1069.7243415593175)
(765.6565606142477, 1082.290536212032)
(777.9841396243442, 1015.0525103292786)
(789.3295919736638, 971.7544709842036)
(779.4454669157901, 1109.9799485518984)
(765.1202592474397, 1064.7120803101327)
(777.0780415145631, 950.269729611368)
(750.7916660389498, 1088.6224368394328)
(775.5174669558388, 961.8639965410312)
(792.8795306793589, 1068.303036547108)
(781.6705931573132, 1060.9830169860543)
(762.5650026152299, 1019.7429929943694)
(777.2774414104058, 952.0979305337058)
(783.2311677160375, 1038.6421500318097)
(775.3204658522867, 1094.1577248055653)
(783.5903011554367, 972.8809922407156)
(791.0963375085095, 1079.076188546452)
(772.8910607437771, 1032.3371704238664)
(764.5152070930702, 1098.3969615230849)
(760.3771439337024, 1063.453203606778)
(773.0507942873335, 1091.6765535197476)
(781.9460216041517, 1072.6253358877088)
(765.2427252310005, 1022.8625622324805)
(767.9402810229141, 1076.8072904380995)
(789.7540906604848, 935.5427518344272)
(758.195069584605, 1037.3868610745476)
(772.0851152625606, 1032.1878168653348)
(749.5612218709122, 1098.149053793597)
(774.722184778196, 1050.5349764606583)
(752.4093413338129, 1009.1377995173241)
(784.4301286565094, 1053.8113296057243)
(778.8985022454083, 1128.173797797903)
(775.7483500792472, 1096.0006123275457)
(754.603971095619, 983.77390816973)
(797.5795941006704, 1073.6052844306946)
(784.4335141966488, 1043.6670481749254)
(753.1905746677425, 1114.8112857196763)
(786.971336445006, 1099.2237139052083)
(770.7941848182447, 981.2247249079272)
(788.9597952306909, 1030.7545726690664)
(788.5376953361604, 1120.7688489082107)
(786.4955213544762, 969.8610458809819)
(774.7396191620486, 1082.4802142055214)
(790.7536517051142, 1098.5740764315824)
(779.5306653393552, 1041.7895878582476)
(751.0903132020708, 1058.9081177094317)
(765.9939687683687, 1130.8188616240172)
(756.8736426605723, 1067.2188156223267)
(772.1736992262651, 1121.331064493852)
(777.033496191133, 1072.2528651544003)
(775.7076969791121, 1162.7264485405676)
(782.7858491052244, 1123.3171514599874)
(774.3630513387968, 1091.7797237647)
(774.2299220516624, 1090.1399176517093)
(767.0598004217062, 990.6437789228145)
(789.4041270936551, 1027.5578754482885)
(787.4098839755403, 1143.1681335958488)
(779.1632673886729, 1029.2661698203192)
(775.0963538091571, 1117.6556217818713)
(743.4594120731466, 1139.436544283003)
(782.7238693979419, 1014.4259108932621)
(766.954768821998, 1068.6479604071717)
(765.8947215010905, 1028.824008402863)
(781.5016897411874, 1081.061139946323)
(762.0006035609955, 1033.0822121787485)
(775.3509623320036, 999.6392725783029)
(764.8719417401787, 1006.035335629262)
(773.9743267809671, 989.5321991221834)
(776.9042591272936, 1045.7060914727085)
(777.6341760575143, 1000.5619793336766)
(789.5232075370765, 1019.4065278106326)
(753.0913274004643, 1167.4364149265966)
(764.3656301699319, 1047.1191592354078)
(760.2653412537154, 1000.410099786378)
(759.6902788959072, 1065.510742677113)
(781.9155251244348, 1045.7861164416913)
(752.2157257704001, 1060.3443307481011)
(805.7715087436897, 1035.7131394972141)
(792.0857419327206, 1027.7740316076017)
(785.0961737703127, 1064.4717171175243)
(791.7623826223128, 1109.9980014708167)
(754.7428847151835, 1176.135217741312)
(774.5460035986358, 945.819650518403)
(768.2084317063182, 994.4160213357951)
(781.7557915808783, 1032.5302885455706)
(777.9807540842047, 1036.372997067219)
(793.3427903571801, 1037.5485562912543)
(779.4793489356464, 1031.0942969337182)
(772.7279416600813, 1129.3478927904969)
(777.787138520792, 1028.2072580656761)
(773.9443369844058, 1056.9747706453684)
(755.1068971257265, 1116.7256991547954)
(775.8335485028123, 1104.4469651477161)
(767.5903174560843, 1047.7948724007413)
(763.5984456797155, 1110.1290403040957)
(775.0184331490265, 1120.6088393497623)
(777.488491357671, 1133.5163701164477)
(759.500048872634, 1180.241984823533)
(782.4218366946816, 1085.9417718907173)
(769.3164098907951, 1127.3908837878912)
(786.2472038472152, 1097.227811269665)
(753.3503082112989, 1025.6073896047544)
(764.5326414769227, 1164.2403416067518)
(764.379679013645, 1092.8518578875442)
(758.2836535483095, 1088.1074663246957)
(790.8795032288143, 1131.3214904805793)
(759.1839673256605, 1105.5174874212412)
(766.322605728051, 1113.3700541328947)
(783.553033595441, 1064.45871617614)
(792.802596767077, 1106.428914275765)
(751.0332124659319, 1071.1167900348144)
(771.4776643159006, 1074.761871599123)
(775.1641178488698, 1070.9552020564681)
(770.3217552678543, 1156.8305955957635)
(762.160337104552, 1132.284300244094)
(772.6800107965119, 1102.6124290637022)
(783.7500346989931, 986.5778459880282)
(767.1624332291238, 1061.8339429720513)
(769.4354903342164, 1145.4575771824652)
(794.6792528727747, 1047.9103843038688)
(761.0804566075013, 1027.6152648537782)
(788.0967490133355, 1174.4759279073833)
(774.1413380879579, 1006.5135360257119)
(769.3096388105163, 1084.1330950688352)
(767.4571881689499, 990.9795848233418)
(764.6618785407624, 1069.8357894332978)
(760.2546779501416, 1036.329413551346)
(797.7698241239437, 1059.3527716862336)
(753.9369392339671, 1053.6038535495547)
(766.9315501057155, 1011.8862884446291)
(777.9328232206353, 1074.435443511611)
(788.9283120031251, 992.5527693828501)
(766.4416861714724, 1025.2227986400871)
(784.1106615693966, 1033.1372232133492)
(771.1243152089314, 1111.971746778777)
(763.2988117687457, 996.0336701212025)
(771.7458149993047, 1003.547976799646)
(759.7449808397555, 1040.2385202468051)
(793.8757061838488, 928.7607073962982)
(783.1996844884718, 1039.0680533798215)
(780.0263136060282, 1117.7053928415428)
(764.5592457333447, 1086.374560492399)
(783.3361993157458, 1100.2931006124688)
(761.4676877343268, 1065.415776252249)
(756.6906904007333, 1061.0386873038642)
(756.4864115337468, 1023.3615629634326)
(775.1336213691528, 1126.9042247151142)
(768.5956628331436, 994.2189464233041)
(754.4549008556364, 1100.869452705759)
(781.7698404245915, 1024.8123887928055)
(791.497617479048, 1099.7537350670416)
(749.9286198215945, 1028.7283826947898)
(777.2435593905495, 1063.4507110474326)
(775.51069587556, 1093.0298869354895)
(759.3775828890732, 1044.4011052647136)
(777.8079584447839, 1011.4263623939144)
(759.9153776868857, 1103.3809851392487)
(774.500471527357, 998.5434077052186)
(781.3627761216229, 1033.0689563811259)
(791.456964378913, 1141.1736213828078)
(782.9688013650634, 1145.5568644455698)
(757.5430733145148, 1065.4136527375983)
(783.142583752333, 1082.6573291140191)
(767.3933163525322, 1068.3172064841783)
(781.4876408974743, 1016.2989785156151)
(808.6873922463029, 1130.199840154302)
(763.6497620834243, 1125.5190659202588)
(770.4408357112757, 1018.1138832608129)
(779.9038476224674, 1048.5862450870804)
(752.9422571604815, 1109.1022895438393)
(765.3337079869955, 1024.1249194435673)
(775.197999868726, 1018.1510912354925)
(774.7899488179086, 1014.9855266811975)
(752.4804909136648, 1109.8781687294484)
(761.5456083944575, 1092.3542475790948)
(800.9199762901048, 1063.8294027539612)
(784.9804788670308, 994.040769757481)
(756.7313435008684, 1091.018712226033)
(747.6415138727888, 1064.4933647326309)
(796.7610932067452, 1074.5104095529641)
(770.2985365515717, 1076.0296164030165)
(750.7916660389498, 1076.474708236211)
(759.4255137526427, 1108.4599013713373)
(779.7102320590548, 1122.975889154955)
(779.0582357889647, 1023.9525278474264)
(781.3651749139135, 1079.180970640724)
(771.2501667326316, 1131.4260511480345)
(747.3128769131066, 1149.2071859848074)
(762.5683881553692, 1049.4196278666354)
(782.7074217619381, 1071.9092982874176)
(793.3461758973194, 963.1810695509628)
(770.084101064167, 1144.6986153495097)
(778.3945894674521, 1052.7236685527284)
(768.7791217761381, 1059.899898198116)
(773.4380254141589, 1037.876341371847)
(777.417341777819, 1005.3881907149816)
(781.4164913176223, 1120.9633240229957)
(761.0523589200751, 1098.5569710815332)
(755.5933755198301, 1118.5392134774904)
(777.8384549245009, 1112.819044639164)
(768.1338965863267, 1041.8904869706716)
(759.5852472961991, 1086.6483628662952)
(756.2380940264859, 1129.5526952400216)
(787.0565348685711, 1046.3602712113916)
(775.8301629626728, 1089.9964633513164)
(775.622498555547, 1110.1960309022727)
(760.6452946171065, 1085.162707433132)
(760.805028160663, 1086.9626707224486)
(758.2125039684576, 1060.4899489426623)
(784.1619779731054, 1109.0570941786468)
(748.966326336961, 1086.135332866055)
(791.4661342514823, 1009.2150013089293)
(765.1541412672959, 1020.1724840884733)
(766.2993870117685, 1095.5344249240936)
(783.4446164555934, 1045.3235167843318)
(768.4069262408746, 1070.4064302658444)
(768.9969428036821, 1100.1447350023238)
(762.0378711209912, 1188.2901622162362)
(787.8145494862183, 1039.1204980461378)
(805.9138079033936, 1014.4843620560772)
(746.0998671289215, 1071.219483996712)
(764.6071765969141, 1076.3910955211354)
(762.310900775539, 966.3220984067854)
(783.2989317557501, 1117.2778442147903)
(775.9792332026556, 1098.9431738955197)
(775.1036315725916, 1089.4224896289154)
(775.4976337796958, 1010.8002392409528)
(771.6407833995964, 1080.036546130139)
(795.4522216954213, 1005.8191056610099)
(784.6542406996391, 1128.0475895153413)
(775.2318818885823, 1025.3508352015442)
(751.2335991096235, 899.4515247092284)
(771.1136519053576, 1058.8658911866398)
(760.3597095498499, 1078.0405696856565)
(782.9010373253509, 1082.7395848360131)
(768.2704114136006, 1067.5560877071505)
(751.7127997402927, 1055.4522712849791)
(746.0625995689257, 1047.3134867323151)
(784.8347941671875, 1121.1877174318192)
(750.8255480588061, 1079.0568524433913)
(787.7705108459438, 1007.821236219869)
(785.8948414880949, 1041.4538538138042)
(767.8318638830665, 1070.7029734887394)
(765.6778872213953, 1107.1807340459568)
(798.9010210247031, 983.2651251987915)
(775.8335485028123, 1086.8901902903451)
(766.7098368548765, 984.1804350351636)
(749.5786562547647, 1038.2390298651692)
(767.6174283956618, 1024.5387694190636)
(747.3593143456716, 1166.020968793008)
(797.1715430498531, 1052.781898288727)
(745.5959543509651, 1123.8060482358715)
(773.7061760975631, 1071.3544058118391)
(774.7362336219092, 988.5237561370836)
(750.493018875829, 1104.241505367837)
(768.011430602766, 1015.2987727800255)
(777.488491357671, 1096.2202824240123)
(771.2467811924921, 1077.0771006389323)
(793.8384386238531, 1102.8517304989853)
(775.2047709490048, 1035.0199185077151)
(779.6192493030597, 1029.268219526031)
(757.6316572782194, 990.4505112303777)
(765.6977203975384, 1064.1619515264283)
(744.3084094467888, 1100.5925408216804)
(773.9070694244101, 1081.0730053214431)
(783.8725006825539, 1056.965869115408)
(770.176070568011, 1165.4905047775414)
(761.9807703848523, 1053.9617449215814)
(782.8603842252159, 1044.7410105766646)
(794.2978060783794, 1090.5742796760478)
(783.8352331225582, 1023.7024966032877)
(776.2754815734859, 1019.7028161772894)
(762.0625832682781, 1058.9544486408886)
(779.0035338451164, 1025.0550231179425)
(762.2223168118345, 1146.1723315986144)
(761.2401901510577, 941.1570030122172)
(777.1177078668493, 1106.554974940449)
(748.6270260737049, 1030.6295737617074)
(776.0784804699338, 1090.1869412957972)
(773.8997916609758, 1084.405357449496)
(766.9513832818585, 1130.5447305849439)
(771.5149318758963, 1032.6500878575173)
(773.8625241009801, 1062.0085653212036)
(755.0018655260183, 1114.478482090971)
(784.7321613597699, 1109.9532489592577)
(754.4374664717839, 1086.1061072846474)
(755.6572473362477, 1033.2622959296466)
(790.0701722074583, 1054.6558062415888)
(765.1681901110092, 1065.583806630632)
(756.9786742602804, 1027.4291077475382)
(777.2774414104058, 1082.911095722128)
(766.5268845950375, 1046.7131440353057)
(771.7225962830221, 1171.204298074674)
(763.4139999888721, 1152.8367406189645)
(764.5699090369185, 1082.9220469578004)
(762.9895013020509, 1086.9387185453918)
(782.9489681889203, 1076.6922548180269)
(767.1590476889844, 1073.6509914612186)
(756.394442029903, 1172.3916892444076)
(765.6672239178215, 1033.1819422954866)
(756.6800270971596, 1076.9166886063679)
(772.425908956821, 990.316724981515)
(765.4189064105606, 1074.1272897698345)
(777.3626398339709, 1121.0735625217726)
(758.9298654859696, 1015.0887707350889)
(777.6167416736617, 1000.7004554654746)
(796.6526760668976, 1067.9362102156992)
(807.1989540152795, 1059.4253593566975)
(771.0763843453619, 1158.0336613135264)
(785.7922086806773, 1024.3022153993643)
(794.9870699084651, 1098.4697706203656)
(773.4486887177327, 1070.6602706828924)
(784.5525946400702, 1165.7841933464922)
(787.4098839755403, 1041.158701013412)
(777.0126762671412, 1112.6368777531327)
(782.7040362217988, 991.1106236566209)
(789.5057731532239, 1093.0860335363543)
(777.8476247970702, 1083.9597893332468)
(755.6398129523952, 1031.3661568402629)
(770.5294196749802, 1096.9908882052712)
(760.1147775827284, 1073.4669559167744)
(793.6143265807235, 1046.2751204559358)
(776.0445984500775, 1101.1898408673503)
(760.6419090769672, 1089.7975197804128)
(773.544043761716, 1033.2924356505018)
(752.9596915443341, 986.6382396181949)
(763.0640364220424, 1028.1625055541172)
(796.6313494597501, 1043.2461987573026)
(769.4180559503639, 1117.1333615864935)
(756.7139091170159, 1055.170340852788)
(798.7785550411425, 1045.1843075603854)
(789.3470263575163, 1040.8281685172353)
(791.3949846716304, 1038.7671489391685)
(761.6506399941658, 1091.3852837012032)
(770.9573039019406, 1068.9376183763964)
(774.5285692147833, 1097.6587665952104)
(761.0978909913539, 986.058333208234)
(782.1057551477081, 1028.7820701657308)
(754.5153871319146, 1084.2948640944808)
(746.3985142920424, 1067.3450239048886)
(754.6146343991928, 1093.3930517118667)
(772.3068285133996, 1018.1974221669493)
(759.5479797362034, 1024.7563898098183)
(778.7528175455649, 1108.1628061035933)
(772.9447759397765, 1090.246494595455)
(748.6270260737049, 1133.1085266374505)
(763.5843968360024, 1069.9709326752416)
(769.6629879174853, 1077.9992573023121)
(779.5737172317808, 1122.7051648146746)
(776.5741287366069, 1072.316301435906)
(765.0863772275834, 1004.8401834930731)
(762.5103006713816, 1062.862050725389)
(765.6672239178215, 1021.2857829767842)
(760.2546779501416, 1079.883457207637)
(779.5877660754941, 1098.422196884284)
(778.2256860513263, 1051.3360910074666)
(771.8682809828654, 1106.9098620877987)
(801.1542449536527, 1034.006456974503)
(769.4495391779295, 1085.3717953386208)
(783.0912673486242, 1020.4430608108759)
(773.523223837724, 1040.2079780518338)
(757.8964224214841, 1041.8141639362375)
(756.799107540581, 1008.4367771818526)
(787.9161955457872, 1148.1122352511704)
(773.5091749940109, 1008.5141285441906)
(774.8853038618919, 989.0537438694953)
(759.9013288431725, 1031.279649091726)
(750.017203785299, 1132.4515994831836)
(766.8429661420109, 1030.2670682685396)
(786.7545021653108, 1073.1398301193908)
(763.843377646837, 1098.3156937494773)
(757.7299177976488, 1034.2339687964597)
(771.7424294591652, 1121.1126037725885)
(781.9600704478648, 1103.7028375322814)
(772.8736263599245, 1089.6356769458282)
(763.5703479922892, 1074.0279621272125)
(762.0891875247, 1079.034842733686)
(785.2559073138692, 1130.2970777116943)
(806.8794869281666, 967.635764717924)
(792.5029628561073, 1060.586084363212)
(790.1248741513065, 1017.2120840783018)
(779.7044477266248, 1123.2550387421409)
(779.4454669157901, 1079.2656451131247)
(778.5649863145823, 1140.854294978542)
(776.6113962966026, 1055.7777852330432)
(787.9873451256391, 1052.6894244232085)
(760.9918726437969, 1024.642087281894)
(763.9179127668283, 1042.486946685833)
(764.6105621370535, 1097.796180969683)
(771.48104985604, 1026.9874560425585)
(764.6957605606186, 1054.37468075763)
(763.5843968360024, 1093.3674876854905)
(744.818106557175, 977.4937948782912)
(772.4830096929597, 1052.6942215445042)
(759.1805817855211, 1058.5501190990449)
(778.5683718547216, 976.3189667935493)
(779.2179693325212, 1045.716821281564)
(797.4876245968265, 1045.3347228762425)
(763.6018312198548, 1101.8249393592112)
(792.2149789965601, 1035.6654919521934)
(774.4003188987925, 1028.9415700117027)
(770.7636883385279, 1102.571909475676)
(774.9366202656006, 1067.232037990528)
(756.3837787263292, 1069.6963253531133)
(735.0249642552965, 1045.431631768458)
(787.5662319789574, 1098.5907389279982)
(773.1558258870417, 1138.4773222655806)
(772.956425991199, 1022.5142651030453)
(792.9415103866415, 1046.293394801671)
(766.1289901646384, 1128.9167898470735)
(767.2195339652626, 1029.3702542047192)
(770.6693200423935, 1060.1403351996635)
(766.9208868021417, 1074.7719086953477)
(765.5926887978302, 1038.499024396594)
(769.6291058976291, 1028.393307933556)
(770.0129514843151, 1113.666563926368)
(766.4010330713373, 1006.514893018793)
(798.704019921151, 1057.491536009579)
(777.4744425139579, 1015.5849906210358)
(793.186442353763, 1071.103312810375)
(780.6212091399796, 1099.8194424810765)
(773.6795718411412, 1049.7843660656697)
(770.2240014315804, 1040.1616471203772)
(775.8814793663817, 1096.7409307700714)
(774.9671167453176, 1075.743836418399)
(747.0805003586937, 1067.615748245169)
(750.6353180355328, 1106.0604407127607)
(783.284882912037, 1008.5686967251578)
(770.1726850278716, 1124.863348141195)
(751.3492940129054, 1062.8022091400712)
(748.23640940674, 1155.6712610117515)
(784.2365130930967, 1114.2319647839859)
(775.531515799552, 1051.7426178729002)
(779.1259998286773, 991.0288795999581)
(782.7074217619381, 1032.3371704238664)
(785.5240579972732, 1108.999374155125)
(781.8071079845871, 1144.2920884840762)
(777.1210934069887, 1061.979339739796)
(767.899627922779, 1092.0239699391566)
(777.3461921979671, 1079.08600421586)
(775.7076969791121, 1012.0734738787731)
(759.9492597067419, 1116.3686146838559)
(762.3505671278253, 975.2790270945131)
(762.4531999352429, 1057.4360871185859)
(764.5592457333447, 1048.957835110363)
(755.9931620593643, 935.8559241243163)
(777.2096773706932, 1032.5251627590976)
(769.2791423307993, 1013.8424905461476)
(803.9031171492751, 1085.213868915306)
(792.4492476601079, 1055.756104188515)
(768.5617808132873, 1080.3389148022334)
(759.7309319960423, 1100.5916601116542)
(774.8853038618919, 1111.0080228758145)
(782.8778186090683, 1106.8977752858618)
(783.1319204487593, 974.9982656580079)
(780.3937115567105, 1094.6142441574868)
(787.9907306657785, 1078.5404511266345)
(775.6365473992602, 1123.335170949484)
(779.8128648664724, 981.5580402019641)
(782.986235748916, 1079.7623412821265)
(761.3824893107617, 1146.9515436740776)
(770.2680400718549, 1104.5984422208985)
(777.1351422507018, 1086.4713217667365)
(745.33457474784, 1050.0865871198864)
(771.6712798793133, 1099.0474797067368)
(779.0069193852559, 1105.5345189623513)
(792.2415832529821, 1099.4964879512008)
(779.6018149192072, 1088.7947880560562)
(785.758326660821, 1063.7171145494724)
(768.6576425404261, 1029.6932421640165)
(772.537711636808, 1010.8109690498086)
(755.7458312999522, 1070.8068030169013)
(783.2882684521763, 990.8442201545812)
(781.8889208680129, 1060.2119349217407)
(784.1851966893879, 1086.875322643403)
(740.3910727904113, 1068.9022052511905)
(767.5123967959536, 1008.6975048054255)
(774.9225714218875, 1115.1936389812363)
(779.7102320590548, 1049.9094722113887)
(781.8923064081523, 1099.161379760545)
(796.1521488290807, 1051.052144298985)
(770.9166508018055, 1053.4340283216982)
(781.8037224444478, 1057.497944980194)
(755.4089298289869, 1040.4520027994736)
(771.9394305627173, 1049.3399335156848)
(765.0796061473046, 1036.1025275831769)
(792.1297805729951, 1031.9572693421346)
(764.0568263863928, 1046.2995489160478)
(780.2678600330104, 1119.9496076335452)
(750.7379508429503, 1097.4889413673538)
(758.0726036010442, 998.3452710354021)
(761.7803837411609, 1081.8308315881338)
(797.1003934700012, 1094.1284992241576)
(777.8011873645052, 952.9317511696536)
(771.6093001720308, 1052.9419482266926)
(765.4736083544088, 1017.9476457790488)
(774.2638040715186, 1046.3456584206879)
(783.284882912037, 1044.087490121191)
(776.6418927763194, 1145.747711434745)
(773.3601047540283, 1134.0964575737082)
(782.4963718146729, 1032.4887213059878)
(762.2794175479734, 1044.6435181630338)
(776.2348284733508, 1084.3663161986804)
(750.9141320225106, 1072.1448643587305)
(786.5817065258901, 1048.567237649197)
(783.0433364850547, 1075.7828776692145)
(770.2307725118592, 1084.2816417262795)
(766.3671510514811, 1100.9338031267125)
(800.2398823325884, 1052.623905006569)
(777.23438951798, 1062.2293709839348)
(802.9248827117933, 994.2532977911845)
(784.2771661932318, 1114.3472218308752)
(770.3498529552805, 1006.2877856238073)
(794.541751297652, 1076.9967470047723)
(762.650201038795, 1108.4262073338111)
(775.0789194253047, 1108.822004390389)
(774.9298491853218, 1045.5120592115568)
(786.142172247507, 1081.6886200923655)
(798.7074054612905, 1120.766577775682)
(781.9832891641473, 1054.072419323896)
(788.2869790366088, 1024.519285698125)
(763.3021973088852, 1081.5839856159714)
(779.1458330048204, 952.6491614542532)
(778.7387687018518, 1037.563169081958)
(778.9837006689734, 991.3808717138463)
(753.81935222155, 1075.26106032747)
(746.350583428473, 1063.9789039303707)
(771.4263479121918, 985.3491090055287)
(752.6203912810781, 1121.589742411713)
(786.363885498346, 1026.8651307418447)
(764.7635246003312, 1094.3385012690942)
(748.2025273868837, 1115.871918514854)
(756.6766415570202, 1042.7768260818743)
(786.8629193051585, 999.6468171151823)
(769.9113054247463, 983.1051156403431)
(770.4548845549888, 1055.932997670196)
(769.9998893884508, 1082.256768365567)
(774.9134015493181, 1063.6899386737766)
(761.8781375774348, 1084.448940965369)
(781.8037224444478, 1154.4624102243065)
(764.6783261767661, 1053.1774404890666)
(773.933673680832, 1078.1695588132236)
(772.5517604805211, 971.971984136598)
(771.303881928631, 1130.986637146162)
(763.1226305891855, 1106.3257440308125)
(768.4465925931609, 1119.5417975839694)
(768.9761228796903, 1071.0035492642153)
(777.3660253741102, 1091.8185101592774)
(757.5769553343712, 1037.6804758345593)
(789.5406419209289, 1050.328085878759)
(774.1074560681017, 1084.3361764778251)
(784.3042771328093, 1043.529412373636)
(776.6965947201677, 1114.0034669664974)
(783.3594180320283, 1003.02871887609)
(782.3168050949733, 1135.3505037263458)
(782.2316066714083, 1002.3309221921121)
(793.8045566039968, 1042.3776223265036)
(757.2783081712502, 1095.3460301147463)
(786.7709498013146, 1044.3780672271043)
(759.3775828890732, 1021.042672368592)
(782.020556724143, 1043.0377347527467)
(775.6772004993952, 975.6330354846916)
(756.303459273908, 1089.4345026219132)
(775.5140814156995, 1042.4111353167302)
(789.9617550676106, 1114.3415439995536)
(776.9240923034366, 1061.2513629554455)
(754.7394991750442, 1052.6433149185684)
(773.2410243106068, 995.0786597508053)
(770.808233661958, 1071.6566268660556)
(756.4525295138906, 1097.9086906009886)
(775.9013125425248, 1125.8964410132237)
(759.2691657492256, 1140.2096760530287)
(779.6216480953503, 1082.9862497608763)
(785.1566600465909, 1045.3420125568837)
(741.5082208474574, 1155.504842482688)
(792.0097133817249, 1068.094203497857)
(799.7234141419235, 1112.9504525171378)
(772.9249427636333, 1107.316610380049)
(784.9374269746052, 1030.5367308514944)
(784.2597318093792, 1021.6596775620171)
(786.0230918040857, 1058.691047410671)
(759.4627813126383, 1132.1459717301739)
(765.4329552542737, 1066.6600067354786)
(777.0465582869974, 1030.0710197310975)
(788.2216137891868, 1115.3149025246246)
(744.9812256408708, 1088.7945331998178)
(791.0184168483787, 1077.9179895287043)
(768.8546436439783, 1057.844885116548)
(771.7763114790215, 1093.5856935505158)
(776.4995936166156, 1140.9999131731033)
(770.3837349751369, 1050.7909807718743)
(775.4942482395563, 1120.595616981561)
(790.2405690545885, 1081.4455094841733)
(791.6026490787564, 1090.455106217889)
(774.5624512346395, 1068.1414485687617)
(738.8585959191132, 1154.203772685963)
(786.6552548980326, 994.4609952741708)
(771.3726327161924, 1089.9077582791897)
(795.1772999317384, 1063.3199270703917)
(763.9856768065408, 992.1254421829143)
(769.472757894212, 1013.7084828704681)
(776.7338622801633, 1042.4234769749053)
(760.9100597603712, 1067.7999648369125)
(784.4301286565094, 1063.8805308067138)
(783.6043499991498, 1065.8774213906438)
(749.9320053617339, 1156.737241020219)
(775.5886165356908, 1103.133553692816)
(772.0246289862824, 1075.4952694057017)
(783.4818840155891, 1065.6625484154727)
(786.1934886512158, 1062.289105330892)
(773.1151727869067, 1094.482983897391)
(769.472757894212, 1121.4935666116457)
(773.750721420993, 1044.7069878739615)
(773.665522997428, 992.1484398410063)
(771.9428161028568, 1091.2467337604664)
(776.6825458764546, 1034.2150351675152)
(782.8124533616464, 1100.7441251332232)
(764.6850972570448, 1095.4941742980748)
(782.0346055678561, 1046.7900909706727)
(762.4599710155217, 1138.4098603815896)
(762.8810841622034, 1062.023473347663)
(770.7196496982534, 1062.716399101406)
(778.1511509313349, 1064.7860249736777)
(777.2062918305538, 1078.0709308333282)
(767.182266405267, 1047.60831086753)
(776.9274778435761, 1082.453293186064)
(782.2209433678346, 1159.544806964127)
(762.8157189147814, 1100.2953717449975)
(761.1317730112102, 1014.7767340114642)
(778.7528175455649, 1100.517460591871)
(737.7714376586283, 1133.7891107330186)
(750.2994033124162, 1057.592911405058)
(744.9885034043052, 1092.7594174514475)
(743.2376988223076, 1125.998475691912)
(768.14794543004, 1035.8199378677764)
(771.592852536027, 1039.0486768972435)
(765.8748883249474, 1097.494874054914)
(767.6953490557926, 952.4501440744107)
(800.7636282866879, 1113.7172491254871)
(801.1740781297958, 993.5600433722641)
(788.4524969125952, 1001.7954061991114)
(770.9679672055144, 1049.1970627367073)
(775.9898965062293, 1156.338917974874)
(793.1385114901935, 1059.1560254389199)
(784.9233781308919, 1007.1254892416031)
(755.4742950764088, 1146.399365184661)
(767.6953490557926, 1044.3780672271043)
(784.9059437470394, 1005.5735428729895)
(765.6159075141127, 1082.107455186553)
(769.4354903342164, 1095.8463878387795)
(780.5195630804108, 1023.0483906735434)
(774.0154865642578, 1069.79920036231)
(764.3729079333663, 1016.4797549791441)
(748.7799885369826, 1123.3972502379092)
(788.1306310331918, 1027.399034885526)
(774.0363064882497, 995.2617073468629)
(754.9984799858789, 989.0503371707023)
(765.5752544139776, 1073.7435795151935)
(768.6402081565735, 1060.8493045461305)
(757.855769321349, 1146.754985424159)
(774.1413380879579, 1101.9230910560511)
(786.7511166251714, 1055.5144578117645)
(758.0527704249012, 972.8724597554498)
(772.877011900064, 1007.8794325264458)
(782.5956190819511, 1086.6290601926562)
(781.4910264376136, 1034.9509923922826)
(759.4090661166389, 1012.1411906190024)
(777.4512237976753, 1063.7250635133228)
(794.4739872579395, 1078.8613893802196)
(770.3358041115674, 1027.5969166991042)
(777.7019400972268, 1036.9509610098285)
(770.8048481218185, 1043.9127939630998)
(767.6953490557926, 1074.6075398719963)
(791.4603499190524, 1024.0294747827934)
(804.4839638395132, 1071.9405735745372)
(754.5013382882014, 1085.4359243327578)
(773.2303610070331, 1115.5104393967351)
(756.8876915042854, 992.0932477591062)
(761.2261413073446, 1160.4420973110025)
(774.0188721043971, 1000.8079465486679)
(777.4744425139579, 1002.9143425392266)
(804.3010115796743, 1015.7032499397471)
(788.4326637364521, 1066.2860383413067)
(799.1120709719685, 1074.8748575134837)
(754.0361865012453, 1033.7975570664094)
(768.0395282901923, 1115.801930642096)
(783.2582786556151, 1079.5993628812778)
(787.2980812955533, 1076.7467157606336)
(768.5211277131522, 1047.052356634626)
(785.7922086806773, 1024.5062847567406)
(765.6299563578258, 1088.8130289723697)
(772.7279416600813, 1070.3496243817704)
(794.0833705909747, 1026.9913390244067)
(793.662257444293, 1072.9202672612844)
(773.6282554374324, 949.7849391970037)
(761.1549917274926, 1089.1735201421022)
(760.3059943538505, 1092.5165282700718)
(782.6667686618031, 1088.3950007792698)
(762.4227034555261, 1113.0629621484436)
(776.3969608091979, 1015.359240219131)
(762.1032363684131, 1087.2975978658048)
(776.3945620169073, 1165.7612291178218)
(775.2725349887173, 1056.621454967821)
(785.646523980834, 972.4731487617182)
(776.6220596001764, 1068.5445687354022)
(774.1892689515273, 1053.120379748754)
(749.6498058346167, 1109.0778610837274)
(790.1553706310234, 1019.8849496338994)
(768.0254794464792, 1033.9842662174983)
(756.1901631629164, 1066.1190677673944)
(770.1189698318722, 1002.9963080227061)
(770.920036341945, 1104.057322205515)
(767.2708503689714, 1044.6761504432345)
(792.0411966092905, 1036.6344558300852)
(781.6299400571781, 1120.4474727982329)
(772.7279416600813, 1070.9202652143172)
(789.5604750970721, 1058.663212251766)
(788.6974288797168, 1024.4650058028178)
(777.8897713282097, 1038.4332835531377)
(774.787550025618, 1037.7669835830961)
(753.9824713052459, 1104.5720378640135)
(757.6248861979407, 1013.7582205007179)
(790.9506528086662, 1019.9458195471211)
(782.8637697653552, 1098.6806868047497)
(761.6680743780182, 925.513029740646)
(775.6258840956865, 1092.8577905751042)
(760.2546779501416, 1021.3619249639189)
(774.3688356712269, 1031.4717792650436)
(769.0342103636779, 1049.4965363753402)
(790.0735577475976, 1079.572884715454)
(772.7172783565076, 987.3299225673134)
(764.0974794865278, 1037.2219067769256)
(760.96137616408, 1052.321241098719)
(768.936456527404, 1152.8611690790765)
(767.3758819686797, 984.792166824238)
(793.1491747937673, 1076.0453647599847)
(783.3361993157458, 1027.8019740048671)
(765.0457241274484, 1123.359599409596)
(749.8947378017382, 1078.1535556000172)
(784.3788122528007, 1159.712361059455)
(792.2381977128426, 1052.7999177782237)
(754.4781195719189, 1124.4832994415854)
(769.0589225109647, 922.8718488963798)
(785.222025294013, 1043.7649046360098)
(767.3047323888277, 1095.0269251372972)
(778.2629536113219, 1006.4553800986524)
(787.1649520084188, 1076.8365160195071)
(791.8988974495867, 1008.7180502836893)
(758.3315844118789, 1152.2989534934352)
(786.1760542673634, 981.0640176396071)
(796.2746148126415, 1058.2322569262205)
(769.7515718811899, 1058.062431698364)
(761.5049552943225, 1130.8867997910634)
(788.823280403417, 1065.3509879749029)
(782.2935863786909, 1075.3774863700453)
(767.7060123593664, 1032.03494936965)
(778.2116372076131, 1026.4079186772922)
(757.5803408745105, 1032.142916735898)
(811.7649014016077, 1039.1413721895788)
(780.7296262798272, 1089.129534152113)
(779.4280325319376, 949.3540173008796)
(770.2612689915761, 1081.4092156489414)
(785.1136081541653, 1020.0314819679083)
(772.3407105332559, 1081.3133685140515)
(786.5773342379019, 1042.5558728012654)
(750.0138182451597, 1061.7122769545467)
(785.4727415935644, 1032.3666174320908)
(772.0793309301307, 1101.7544013944591)
(782.242269974982, 1009.4986193522336)
(774.0329209481102, 1088.9193844892986)
(768.4160961134439, 1123.2611928565177)
(763.8384986756932, 1154.4598842355397)
(768.011430602766, 1110.7431574141551)
(784.1851966893879, 1078.4840880961938)
(766.2587339116335, 1146.8303205102065)
(757.0299906639892, 1107.4004041424237)
(773.7913745211282, 1023.5619707657778)
(771.9534794064305, 1065.9186265356277)
(765.4189064105606, 1054.3623390994549)
(764.0263299066759, 1121.534952803929)
(776.0445984500775, 1110.2191761782424)
(755.0425186261534, 1084.6927108567706)
(774.494687194927, 998.3936516725709)
(769.2898056343731, 959.1639216803163)
(770.4069536914194, 1084.1697913781832)
(792.761943666942, 987.6168715476169)
(765.2732217107173, 1080.917611836991)
(785.4693560534249, 1067.8316829776654)
(781.7451282773046, 1043.8608255798388)
(764.6584930006229, 1074.7317318782677)
(783.9005983699802, 1033.4506503594766)
(782.2795375349777, 1099.3528860329297)
(783.396685592024, 1052.2405234171051)
(782.1802902676994, 1034.3352703829996)
(755.0183131620221, 1107.266396466744)
(779.724280902768, 1089.5959764118033)
(786.8116029014496, 1049.2105399611467)
(789.4041270936551, 1080.0485591231368)
(793.5397914607322, 1071.8438861091386)
(760.6452946171065, 1095.710330457388)
(780.7949915272492, 1076.2270553629612)
(777.8311771610664, 1046.7050140241558)
(780.7470606636797, 1089.175643656753)
(788.7826273032819, 1084.5726566885855)
(794.2058365745354, 1117.174452543021)
(792.717398343512, 963.5974120858044)
(767.6546959556575, 1085.9276019536471)
(772.5483749403818, 1017.3852825755298)
(759.139928685386, 1048.6218462096815)
(781.2940253340615, 1064.0806837528205)
(757.1011402438412, 1147.3425436093596)
(769.1939439072343, 1009.2790564941273)
(793.1525603339068, 981.468273372512)
(760.0436280028764, 1061.9880198429398)
(774.181991188093, 1156.9687430623844)
(767.403979656106, 1030.5069936047555)
(781.114458614362, 1100.3825722061654)
(772.537711636808, 1124.8708926780744)
(745.9774011453607, 1162.1570170832238)
(792.312732832834, 1098.1808053637717)
(749.4387558873514, 1023.1843408165745)
(763.1971657091769, 1005.9007828588294)
(770.9713527456537, 1065.1879023356935)
(766.0544550446469, 997.8232322668407)
(775.8674305226685, 1054.6326609656192)
(764.29448059008, 1122.5946714596594)
(801.6871607803213, 1096.9157745460402)
(741.9467683779917, 1100.7650396561814)
(774.565836774779, 1107.9854363388574)
(763.7813979395544, 1007.58841756414)
(770.2844877078586, 1087.9280802836693)
(784.7800922233392, 1029.4188896981263)
(765.8501761776605, 1032.3090804087233)
(763.4173855290115, 1110.0285840453055)
(762.3539526679647, 1006.627657506337)
(755.3072837694181, 1082.609862616298)
(786.0710226676551, 1053.785765579348)
(766.4044186114768, 1112.453756348136)
(765.0655573035915, 1086.9700676414502)
(805.153394493456, 1072.7431189233653)
(775.9385801025205, 1099.4174913101217)
(783.0399509449154, 1053.8209238483157)
(775.3916154321387, 993.7874390529097)
(760.1893127027197, 1139.8369170340602)
(753.7036573182681, 1105.7710729820506)
(782.4557187145379, 1043.6907789251654)
(756.6906904007333, 1071.8193504106662)
(779.7474996190505, 1026.878353110046)
(765.7209391138209, 1037.3444869338778)
(742.3001174849609, 1122.6236756142503)
(780.6478133964015, 1092.1465500961087)
(780.0296991461677, 1043.024478955124)
(774.1006849878229, 1093.6270059338601)
(763.0374321656204, 1101.7686855199856)
(751.2161647257709, 1012.7073629954308)
(769.3294719866594, 1076.9675214233646)
(750.493018875829, 1180.5042504874862)
(768.7626741401344, 1127.0497691007367)
(767.2708503689714, 1094.2329526532524)
(768.911744380117, 1043.9830770716135)
(771.3213163124835, 1065.241080094158)
(782.6633831216637, 1024.954378861757)
(775.1234647487346, 1065.9853149479532)
(776.9647454035718, 990.3943312000913)
(774.423537615075, 1088.8481872413374)
(778.9323842652645, 1088.0725629119663)
(766.1430390083515, 1127.0873057405934)
(756.2894104301947, 1081.6094020244698)
(761.3999236946142, 1129.1996009892907)
(771.5488138957526, 1094.9465715031372)
(756.2182608503427, 1202.333808482025)
(794.9730210647518, 1046.9477959671708)
(784.9257769231825, 973.8192997351797)
(769.4892055302158, 1106.7192699548616)
(777.6646725372312, 1143.1946117616726)
(765.0689428437308, 1054.7168237726883)
(776.0237785260856, 1009.3128981495312)
(768.4127105733046, 1022.8625956619021)
(773.5943734175761, 1068.192100338459)
(767.6382483196538, 1121.7693095000384)
(768.4160961134439, 1146.0257254556664)
(790.2439545947279, 1110.2337889689463)
(767.6101506322275, 1070.2240419529962)
(769.0821412272472, 1053.4531833774593)
(798.8811878485601, 1080.6116888482256)
(765.7722555175297, 969.2178173779712)
(759.8872799994593, 1028.9007339114132)
(757.0333762041287, 1082.0852978589696)
(768.6576425404261, 1133.8938928272905)
(772.5483749403818, 1049.1557503533627)
(771.0018492253706, 1101.7166029482682)
(800.2878131961579, 1086.7883770384738)
(754.199305584941, 1145.5363189673058)
(762.3912202279604, 1062.7020077375191)
(769.3643407543644, 1101.6849989959715)
(768.2224805500313, 943.7963890070096)
(779.8326980426156, 1086.9871729914994)
(768.1619942737531, 1137.9337096908519)
(768.1852129900356, 1081.0533405532053)
(765.2906560945698, 1011.6349740163482)
(760.5475407808327, 1109.9739420553994)
(776.6965947201677, 1053.1034958255216)
(768.6915245602823, 999.5931630736628)
(784.8207453234743, 1045.318719663036)
(789.4007415535157, 1106.188805939395)
(761.8036024574434, 1059.6805567668266)
(767.359434332676, 1016.7046246710227)
(760.7469406766754, 1050.9758212645509)
(793.6820906204362, 996.135959656129)
(766.999314145428, 1049.1000466061314)
(792.6254288396681, 1009.3120912484441)
(785.2931748738648, 965.0575034925914)
(790.7502661649747, 1096.6937595081058)
(778.3854195948827, 1073.9951487997125)
(785.8575739280992, 1035.237210233293)
(780.7668938398228, 1125.73393889543)
(756.6393739970244, 1070.6698649254838)
(759.6050804723423, 1161.999278657304)
(779.724280902768, 999.0683768895178)
(776.4657115967593, 1024.3983173904924)
(784.9630444831782, 991.7513261708647)
(775.5653978194083, 1013.5178907375309)
(758.4433870918659, 1072.2286581211051)
(782.7819568819295, 1048.5985867452555)
(768.79994170013, 1049.0064706037701)
(748.0055262833316, 1108.4622463128048)
(759.8533979796031, 1008.4217619170327)
(781.7151384807432, 1107.2315668629537)
(767.7945963230708, 1069.244112733663)
(789.625840344494, 1110.0297196115698)
(766.3366545717641, 1049.611355565837)
(775.7076969791121, 992.6646197309465)
(776.3166413567766, 1037.5906017667469)
(790.8654543851011, 1019.6724550296174)
(774.5832711586315, 989.4374541241364)
(793.3495614374589, 1013.7561304154885)
(771.9534794064305, 937.7377790881736)
(774.5856699509221, 1025.0963355012868)
(773.2410243106068, 1140.7572788479663)
(773.4041433943027, 969.7822302872023)
(785.1474901740215, 1046.135401519513)
(779.2857333722337, 1102.8190244098457)
(770.6146180985453, 1148.1001484492338)
(746.6095642393076, 1034.759009836843)
(761.6308068180226, 1107.4611264377675)
(795.2857170715861, 1057.006045932488)
(774.5285692147833, 1111.2276929722814)
(771.596744759322, 1102.8153628548143)
(770.8595500656668, 1012.9120916360166)
(776.6220596001764, 1051.635933690794)
(775.446317375987, 1042.806051663282)
(774.970502285457, 998.435661765787)
(774.6171531784878, 1066.996471919215)
(742.6370189559262, 1030.811485791501)
(764.410175493362, 1130.8907565818504)
(784.8686761870438, 1046.1114493424561)
(754.6823984389054, 1096.5112973863183)
(768.3647797097352, 1000.8070324092203)
(786.7230189377451, 1028.1696072373632)
(765.2020721308654, 1129.6732256912617)
(763.074699725616, 1030.6631201813557)
(765.7011059376778, 1058.3351723149349)
(777.3287578141146, 1014.5676795353969)
(785.1740944304435, 998.2811420412652)
(761.3040619674754, 1048.410560980603)
(782.1677348549907, 1048.9921864782436)
(774.85869960547, 1034.7905065507794)
(765.0316752837352, 982.8666949150861)
(770.6857676783972, 1071.6872094405444)
(742.425969008661, 1116.8238508516356)
(767.0026996855673, 1033.396520034902)
(777.7730896770788, 1045.0701526503387)
(769.2791423307993, 1077.0380593881166)
(760.622075900824, 1074.2617353019066)
