(1489.2911285186638, 2128.681539568645)
(1505.3830817218602, 2112.523253112691)
(1530.2303618744613, 2137.748263901516)
(1499.9516079393234, 2182.7577494611764)
(1490.9073103825226, 2259.2905615907516)
(1507.489127519962, 2095.387913147213)
(1512.0831725937164, 2208.593249234451)
(1468.683050901844, 2166.71171778029)
(1523.4450725790398, 2077.4203997773834)
(1492.0864381468514, 2164.2440975278505)
(1483.4559759732979, 2182.20242108206)
(1508.6929674315775, 2148.749625432689)
(1509.7554135447758, 2119.1586175989337)
(1475.5840351005475, 2156.675698951495)
(1461.193462184775, 2036.9451226883357)
(1495.0429747495996, 2028.4054487220424)
(1456.9949127491288, 2232.649002531495)
(1489.0321477078292, 2114.122042078093)
(1510.2708949875919, 2191.4502909231546)
(1492.0806538144213, 2183.630356491701)
(1497.6761520419402, 2176.2425463814793)
(1508.251034360904, 1990.3494850572044)
(1505.525380881564, 2171.2048687237966)
(1500.4090832847146, 2145.047737984306)
(1486.1980770886416, 2078.785267950214)
(1501.5426789777646, 2159.009640193432)
(1491.0670439260791, 2072.2665509333633)
(1519.11579264855, 2125.481911932129)
(1471.1695567464924, 2249.897402220273)
(1527.1455749557222, 1969.985110826504)
(1502.9149156223505, 2165.919316766047)
(1464.945280965166, 2206.5765462644054)
(1470.6506897635368, 2154.3303301908304)
(1507.9954390902087, 2187.4162591292757)
(1484.2478726108016, 2149.055474612515)
(1465.4888600954084, 2190.575890996011)
(1501.7000137290304, 2170.0998474645135)
(1502.7624598422283, 2191.8663786017582)
(1508.943683731129, 2086.166702519242)
(1510.5845777422746, 2171.4612017001896)
(1492.8749492442155, 2131.3159070153247)
(1492.2907170138378, 1975.2788666043423)
(1492.9974152277764, 2184.3233560543836)
(1501.18303885521, 2019.2491051775971)
(1529.6257897847847, 1981.3681663360273)
(1480.5101026741233, 2161.8309382180178)
(1498.2908807520348, 2120.0807408328915)
(1478.3667893160261, 2153.542397632706)
(1529.4394519848065, 2206.661730449283)
(1519.1671090522589, 2110.1501230020604)
(1470.3810456491283, 2091.101652785606)
(1477.8672488260581, 2001.084481513)
(1479.6170666602068, 2050.372018616938)
(1453.9730108989586, 2128.3343780054743)
(1508.413166696751, 2148.6286905544775)
(1461.4756617118921, 2204.0145096790957)
(1508.2229366734778, 2216.9591411821007)
(1511.5807532467645, 2158.7441154485637)
(1509.4940339416503, 1933.8438892619622)
(1487.1903603698368, 2040.8008705780314)
(1492.9262656479243, 2060.1154894402875)
(1465.7570107788124, 2119.494754117493)
(1486.9420428625758, 2167.006104059112)
(1463.983494163688, 2240.3198786401726)
(1506.9924925054402, 1947.8255704277824)
(1510.051661915606, 2093.7323586772545)
(1470.5920955963936, 2006.8610468111885)
(1489.1066828278206, 2055.82560095307)
(1492.3386478774073, 2248.0754292212505)
(1477.1944326319758, 2152.879537790879)
(1504.6715045367782, 2177.259414613485)
(1491.0941548656565, 2092.5593254419864)
(1497.9481949486394, 2098.247554712743)
(1492.2055185902727, 2139.461100538604)
(1481.2448985754882, 2131.807551206793)
(1489.0694152678248, 2131.4904959350556)
(1492.5017669611032, 2156.5570352058126)
(1476.2766844707724, 2293.74619620284)
(1502.9933429656367, 2083.7195539361273)
(1508.974180210846, 2077.3588705809525)
(1485.4773300309903, 2185.5215104623944)
(1468.3088818708827, 2176.707490980307)
(1485.2977633112907, 2123.4984985726387)
(1538.9702279357111, 2093.1142513469867)
(1482.5116235556725, 2314.492964074618)
(1487.2315201531273, 2044.906133049293)
(1485.679210105686, 2249.3838221280384)
(1507.0205901928664, 2144.876227098191)
(1488.0069691546269, 2185.836039745365)
(1488.1526538544701, 2043.062733861981)
(1521.8273972841769, 2202.5710807687246)
(1499.9937544704628, 2154.7140404454713)
(1484.4487659376484, 2119.7436163659454)
(1461.9175947825656, 2153.0559934161674)
(1502.2024330759823, 2003.3280704512144)
(1478.3256295327355, 2041.2852585182795)
(1473.5849130112888, 2142.124110045276)
(1494.1658796885313, 2123.975308546586)
(1527.6586576062477, 2174.076416043964)
(1490.969290089805, 2190.9148083595755)
(1522.306597914846, 2016.9252294640655)
(1500.3950344410014, 2158.2595060814983)
(1533.8258326514353, 2060.622915418145)
(1479.2564397898034, 2184.717615070581)
(1481.7793078331613, 2254.8793761307243)
(1511.8687371063118, 2061.5759095122517)
(1534.1080321785523, 2094.6330891523444)
(1494.1997617083875, 2000.760795843831)
(1497.261329910844, 2239.863137861434)
(1523.3705374590484, 2026.9439668927528)
(1500.2725684574407, 2189.4098906322906)
(1514.3668930023828, 2152.5278005332293)
(1485.6312792421165, 2202.251532937642)
(1479.7017584006162, 2110.5834970780124)
(1490.6764272591142, 2107.841048076628)
(1501.2227052074961, 2144.0544194552413)
(1500.078952894028, 2108.723980489038)
(1486.7963581627323, 2019.9663117735745)
(1515.0256603527516, 2174.1012469781917)
(1469.0223511650997, 2037.7498987901756)
(1486.2692266684935, 2088.7903067276443)
(1517.2682209781271, 2080.4666413027867)
(1496.3479540376288, 2130.7067012150173)
(1513.1200011983415, 2117.35440923317)
(1499.7628713470544, 2035.8399184288985)
(1489.0761863481036, 2033.3363683886807)
(1498.9162727657028, 1947.4611628467803)
(1515.4830543115802, 2124.560266934081)
(1467.690767620649, 2196.268405722731)
(1514.1790617714, 2090.8941029204975)
(1494.176542992105, 2066.59007284927)
(1470.7929889232407, 2088.2128190680905)
(1499.4095222400854, 2057.64772156997)
(1508.9064161711335, 2260.9319057441226)
(1505.1754173147342, 1949.5225799017226)
(1506.5408828790414, 1937.1176426093223)
(1478.954407086543, 2036.7321164187224)
(1513.9689985719835, 2100.8430285264853)
(1513.4931834814536, 1934.1123444225689)
(1467.6801043170753, 2228.577762762937)
(1492.4911036575295, 2216.9301704569316)
(1518.4439632023168, 1960.8597473334225)
(1510.8154608656832, 2100.4705647432725)
(1501.75372892503, 2146.163893479416)
(1465.1331121961487, 2166.185358173488)
(1482.8102707187934, 2135.3081501428046)
(1480.6664506775405, 2128.634073070924)
(1508.1004706899168, 2145.808528096156)
(1486.7856948591584, 2130.8764930134525)
(1483.1471721897587, 2102.3763718841865)
(1492.01190302686, 2182.577887137095)
(1474.2543436652313, 2162.2850791990504)
(1497.2787642946967, 2156.404753184398)
(1495.4268203362858, 2200.890621555599)
(1506.6367446061802, 2060.976043098297)
(1485.7629150982468, 2204.0979009673542)
(1502.7566755097985, 2149.0121459528805)
(1496.4563711774765, 2202.325699028004)
(1479.0594386862513, 2065.509701476916)
(1510.1799122315967, 2140.3015515719835)
(1504.539868680648, 2148.04827443204)
(1474.017676209393, 2162.4070354550695)
(1506.724341822036, 2058.0650520531985)
(1481.9143292294307, 2103.8099851251495)
(1512.4975146601194, 2078.694184507198)
(1497.0793643988538, 2166.290685362513)
(1496.655771073319, 2090.178650794476)
(1461.1736290086317, 2084.747816257439)
(1479.6238377404857, 2241.560152332615)
(1518.1336659877734, 2147.0736327228265)
(1490.3371269958582, 2144.0296957593737)
(1500.503451580849, 2026.4701257612062)
(1499.5213249200724, 2173.583750474688)
(1507.3284072285567, 2147.3602530379526)
(1482.2841259724034, 1988.775091122493)
(1513.3474987816103, 2135.493945154446)
(1504.6889389206306, 2130.71966872698)
(1487.4749586892444, 2122.3571834781237)
(1468.7532137338471, 2160.861060200679)
(1505.5931449212765, 2124.3633396394675)
(1466.6679878597372, 2202.0609073752835)
(1470.436254276132, 2209.9780793641294)
(1506.7326063333192, 2125.4087741696712)
(1473.4905447151543, 2185.284116112187)
(1505.5999160015554, 2041.7063981744168)
(1488.2436366104653, 2163.7804764926827)
(1504.271717997244, 2113.2090033742497)
(1478.8261567705522, 2173.197990514335)
(1503.8026739869927, 2110.2791121296273)
(1510.0409986120324, 2005.2201051319335)
(1497.55030051824, 2171.016547723388)
(1506.5341117987625, 2108.5858734019344)
(1490.5234647958366, 2097.335470527865)
(1489.1918812513857, 1994.3033846437402)
(1484.6622146772045, 1996.4132611420307)
(1504.6855533804912, 2166.107604337034)
(1486.448793388193, 2152.54322022502)
(1526.8222156453141, 2130.9908693503157)
(1515.1306919524598, 1998.2801008410681)
(1482.9874386462025, 2237.2692020880722)
(1466.0798634060648, 2208.853903049085)
(1498.7526469988516, 2081.6327892843847)
(1495.800989367247, 2036.0992152504514)
(1520.866090547392, 2104.9145301013777)
(1476.188100507068, 2149.052067913722)
(1474.8361771033183, 2090.306175690602)
(1508.5995044967294, 2080.765643655606)
(1498.592913455295, 2040.0389783293383)
(1476.7457284810234, 2261.331364355732)
(1493.1571487713327, 2012.3015897792739)
(1474.1599753690969, 2150.9505115650563)
(1496.5788371610372, 2186.5742346732395)
(1529.299551617393, 2123.6071586515177)
(1507.6488610635183, 2072.46249027959)
(1533.5775151441744, 2207.1095362686387)
(1504.4314515408005, 2134.7568857928354)
(1497.1843959985622, 2134.628406377745)
(1521.4154540100644, 2253.2211076746034)
(1517.7513138320915, 2140.644863582728)
(1534.7096987927823, 2093.658192586893)
(1492.4877181173902, 2080.341535157068)
(1475.4615691169865, 2204.955895207176)
(1513.764719704997, 2118.7509551672356)
(1521.1555678379436, 2189.7883609120026)
(1503.1356421253406, 2174.2333879483135)
(1467.170407206689, 2176.3068229934943)
(1519.1472758761156, 1998.4629604397305)
(1464.4181494709273, 2169.1008914836443)
(1479.0487753826774, 2011.0719386573267)
(1488.0335734110488, 2142.888897327431)
(1471.8496507040086, 2170.7774677149223)
(1495.573491783978, 2125.4510006924634)
(1482.5058392232424, 2228.828855764401)
(1506.0757310920853, 2147.6380456320576)
(1480.1814657144412, 2036.2560395369233)
(1455.5335854576829, 2235.36094276733)
(1469.1041640485255, 2094.5442768418575)
(1483.161221033472, 2084.9966715557957)
(1477.279631055541, 2225.068295726386)
(1467.089101006419, 2247.9310204018925)
(1477.5235762748136, 2196.8351635734302)
(1487.9953191032043, 2094.3536847089204)
(1489.5418448182154, 2210.7950160768446)
(1495.4302058764254, 2072.369573560438)
(1490.0888094885975, 2050.598211872476)
(1486.5107730954758, 2023.7864989201862)
(1507.775219270374, 2181.437707608844)
(1481.907558149152, 2088.65907989697)
(1462.6920570362165, 2165.8028907234716)
(1464.3915452145054, 2170.597457772963)
(1507.397158016118, 2097.313130200127)
(1504.5364831405086, 2085.0286111233654)
(1478.4296743845948, 2124.808396090386)
(1466.7938393834374, 2299.1844680383965)
(1498.4636763914555, 2213.4740691762404)
(1499.80592323948, 2132.5431797663828)
(1475.2200226900045, 2178.888967200675)
(1485.134644227595, 2280.819181715216)
(1505.454231301712, 2037.65661802357)
(1472.6298972900897, 2190.8228107771124)
(1513.8770290681396, 2149.976898183747)
(1501.7571144651693, 1993.1732756411357)
(1470.0920750417324, 2096.615185898271)
(1473.371464271733, 2114.6121412790844)
(1476.9766116044318, 2156.6391836894463)
(1476.045801347364, 2156.118756770204)
(1475.5733717969736, 2144.544632844689)
(1505.930046392242, 2122.5393503641553)
(1503.7107044831487, 2081.722737161136)
(1472.6613805176553, 2176.432883658178)
(1480.8227986809577, 2234.5330548189427)
(1522.1923964425685, 2079.399049445)
(1503.1134101569069, 2222.980174081563)
(1462.6068586126514, 2189.4388613574597)
(1480.6766072979588, 2058.298313562561)
(1499.354820296237, 2223.4220806427807)
(1432.6248597314998, 2249.4611734903765)
(1497.9307605647869, 2155.9712718700853)
(1491.763585519599, 2275.471845704797)
(1478.1731737526134, 2071.0568213887473)
(1479.0826574025336, 2156.1034462696284)
(1487.7271684198004, 2160.404540848757)
(1490.7509623791057, 2052.4918584025145)
(1491.3226391967744, 2088.7706753888283)
(1472.4585950816731, 2138.3583504118496)
(1515.6578234466986, 2039.1275130481515)
(1482.0159752889995, 2236.074709235093)
(1468.0334534240444, 2054.999069997764)
(1505.0461802508946, 2190.96883144579)
(1485.1612484840168, 2061.5671959796864)
(1494.0855602361098, 2092.6435620579946)
(1481.3267114589137, 2122.889037916093)
(1494.5705451992092, 2098.2041591942652)
(1480.9859177646535, 2123.981315043085)
(1496.3073009374937, 2150.6414436838318)
(1480.122871547298, 2127.155412082646)
(1529.7894155516365, 2084.820658784141)
(1484.1665664105312, 2153.596710957435)
(1515.3896727632946, 2213.9595926827533)
(1516.3611361204976, 2166.4680216978277)
(1499.6404053634938, 1972.0015589403115)
(1498.9603114059773, 2209.3565319056465)
(1475.7098866242475, 1957.4100884527682)
(1489.3002983912331, 2181.748830193021)
(1478.3595115525918, 2175.861107259367)
(1473.3961764190199, 2183.8013172858223)
(1479.925870443746, 1999.3264495107194)
(1476.5390508217465, 2226.209355964663)
(1532.9661719742194, 2104.518511617983)
(1489.2165933986726, 2171.999648108929)
(1491.4344418767614, 2109.869582992372)
(1515.6098925831293, 2077.945259770467)
(1518.9536603127028, 2089.8184144809825)
(1497.0033358478581, 2144.553239138894)
(1498.5159795430131, 2170.04439857352)
(1498.324762771891, 2225.2782977713227)
(1489.528782722351, 2145.651011097053)
(1490.995894346227, 1949.2950346503442)
(1472.0326029638475, 1940.4362960861192)
(1518.9768790289854, 2098.389987635328)
(1485.6138448582642, 2032.5019642313175)
(1486.0862744086546, 2121.29233903592)
(1480.982532224514, 2111.205118345434)
(1522.5621931855412, 2118.2733806245733)
(1488.8036633767115, 2107.2195006181455)
(1508.135339457622, 2117.830445735451)
(1498.9230438459817, 2130.889493954837)
(1488.3893213103086, 2153.452671182771)
(1469.4807318717774, 2304.2027357840802)
(1480.4496163978451, 2185.0846224492893)
(1471.292022730053, 2062.6023719868485)
(1519.186942228402, 2118.670346676837)
(1474.7616419833269, 1998.6376231684)
(1484.0242672508273, 2077.137917300344)
(1493.6436271654363, 2076.7108449566463)
(1499.2836707163851, 2207.619233379025)
(1478.771454826704, 2010.6713779088745)
(1503.8985357141314, 2153.5432783427323)
(1503.8844868704184, 2077.7766035382965)
(1490.1633446085887, 2218.5751761653337)
(1491.9780210070037, 2236.4789649679974)
(1511.1247713323778, 2109.5653122324434)
(1488.4479154774517, 2063.5119705624775)
(1509.211834414533, 2033.5724107430485)
(1483.1703909060413, 2104.442483819305)
(1497.3053685511186, 2245.3573348710393)
(1519.8167065300581, 2035.6749237517593)
(1472.7978953449292, 2199.5483869934073)
(1522.6565614816757, 2297.0468301901396)
(1523.2175749957707, 1905.0556835861282)
(1460.6232787981105, 2137.7738683074094)
(1503.9053067944103, 2116.9483920802127)
(1490.418939879284, 2192.3425627219176)
(1499.9598724506066, 2117.9633916538055)
(1489.4600319347896, 2162.9322979222698)
(1492.7219867809379, 2199.881043004235)
(1492.9296511880636, 2111.52894663524)
(1479.76275136005, 2138.549197401025)
(1503.1066390766282, 2211.814665153855)
(1481.6485773383172, 2274.237578508854)
(1491.9639721632907, 2141.9680572776147)
(1507.5443361469656, 2192.534545277357)
(1511.2540083962174, 2045.3167643233915)
(1489.3143472349464, 2071.0575525280406)
(1492.2636060742602, 2039.3200860751026)
(1460.1401859441462, 2159.150239839881)
(1512.6441861078115, 2143.633132181226)
(1492.5564689049515, 2117.8052507537695)
(1466.1176376492158, 2208.0686844771226)
(1490.0723618525938, 2013.2358716712529)
(1498.4380588828824, 2165.0877338332066)
(1496.3479540376288, 2089.756301763136)
(1478.7128606595609, 2143.4526509534526)
(1506.5588239460494, 2052.056139385095)
(1499.20425662525, 2199.7863314356096)
(1524.947052970621, 2166.3648848822963)
(1488.8525809881296, 2113.7670811218045)
(1506.5447751023364, 2235.2056565212383)
(1478.131027221474, 2125.4498316967774)
(1512.3818197568373, 2105.101641726583)
(1490.88409166624, 2155.588952037947)
(1495.1678395254512, 2205.8641702191453)
(1461.8628928387175, 2157.3634251098265)
(1479.11653942239, 2207.6874264023095)
(1473.4837736348754, 2055.0081879573)
(1523.584972946453, 2112.0072542700505)
(1501.5775477454697, 2045.097201465285)
(1498.970974709551, 2077.814509222848)
(1501.2672505309263, 2147.012581762305)
(1498.1384249719126, 2073.6673104673096)
(1475.9291196962333, 2060.3702105673615)
(1478.1252428890439, 2112.990797509224)
(1500.2856305533048, 2104.120664855693)
(1534.1864595218387, 2227.253212074969)
(1470.4149276689845, 2142.3161664096547)
(1490.7955077025356, 2098.616397320442)
(1526.761729369036, 2119.031899603895)
(1501.1927154109349, 2128.4302585697856)
(1469.3689291917901, 2103.4755696471248)
(1477.9655093454876, 2036.482670648854)
(1456.9610307292726, 2164.331667033713)
(1462.3561423131, 2113.360554256371)
(1494.2651269558096, 2067.54054095461)
(1527.241436682861, 2219.1333277218278)
(1489.2828640073806, 2093.8059746756226)
(1490.2858105921493, 2017.5460842099174)
(1481.2240786514963, 2198.416739950422)
(1462.329538056678, 2207.49324652328)
(1524.4785156435253, 2016.743538861089)
(1485.7082131543987, 2108.939660365296)
(1497.0817631911445, 2156.9329794967575)
(1509.5651835215021, 2221.855776339701)
(1480.9452646645184, 2161.640567511897)
(1517.7174318122352, 1949.0085285236742)
(1499.2159066766726, 2266.5304085649445)
(1488.117785086765, 2091.674598180103)
(1510.4107953550051, 2080.719972007358)
(1518.7353326020034, 1946.2146612310223)
(1459.1793858905169, 2043.6415047056776)
(1503.1264722527712, 2280.809694710985)
(1458.2509744257397, 2239.403433237536)
(1456.807081518146, 2158.5291686644537)
(1503.6255060595836, 2176.514627714841)
(1504.5026011206523, 2048.721375456731)
(1502.3684576351243, 2181.0860441601335)
(1495.7835549833944, 2092.7170638679063)
(1498.2361788081867, 2093.0948080055655)
(1485.684994438116, 2090.850116930508)
(1515.5014754432816, 2178.384981351032)
(1487.0775709420009, 2192.1457092362434)
(1484.988452844596, 2091.526380187836)
(1503.0412738292061, 2188.800282357867)
(1504.893217787617, 2178.9469420804353)
(1528.1756324800683, 2052.8803657784515)
(1483.3954896970197, 2163.648040286805)
(1496.558017237045, 2169.388828412334)
(1499.3582058363766, 2113.500273192794)
(1466.4637089927508, 2169.9268369646807)
(1501.723232445313, 2071.6583330814424)
(1474.29987573651, 2252.4806081847787)
(1496.2187169737892, 2054.8335656081476)
(1505.100882194743, 2203.239504253417)
(1488.4851830374473, 2138.5010381906727)
(1455.2000695268569, 2281.8767364767778)
(1521.7431856084604, 2063.0096299915754)
(1515.5658539428548, 2276.3631295551736)
(1514.2478125589614, 2004.1262899645612)
(1490.4528218991402, 2180.1914274199025)
(1479.4268366369336, 1981.2864222793646)
(1492.8856125477894, 2094.0843507911427)
(1471.2615262503361, 2204.38096696581)
(1475.182755130009, 2132.424334973401)
(1483.2415404858932, 2131.775611639223)
(1498.4777252351687, 2158.1614616230186)
(1467.2589911703935, 2236.290643967589)
(1485.254711418865, 2153.808324851691)
(1490.1667301487282, 2011.4652027750417)
(1501.9134624685862, 2181.511907128627)
(1520.4919215164307, 2163.549962398904)
(1523.3202078031884, 2048.206512180355)
(1475.3763706934214, 2023.0507561721397)
(1464.7342310179008, 1940.7092581295067)
(1505.1986360310168, 2127.7467460113344)
(1516.611852420049, 2090.8964812913864)
(1496.2956508860711, 2103.0313585239564)
(1496.4496000971976, 2067.562664852772)
(1483.4119373330234, 2072.8586179542)
(1486.7392574265934, 2061.139754591294)
(1470.9420591632233, 2129.876253848441)
(1508.8957528675596, 2128.5993172760723)
(1505.8307991249637, 2030.528990442168)
(1526.5472938816313, 2122.3111074029052)
(1476.5554984577502, 2099.6412863723817)
(1489.215099967668, 2029.8067987274997)
(1518.7087283455814, 2069.7829608971388)
(1500.139439170306, 2046.929830464224)
(1498.233780015896, 1944.7339505370323)
(1493.9524309489755, 2081.38330813224)
(1480.0449508871673, 2099.870953185556)
(1496.8949187080107, 2137.5859497811175)
(1502.7111434385197, 2185.588608298932)
(1517.799244695661, 2136.5490073566625)
(1481.9167280217214, 2037.6737233736192)
(1501.6007664617523, 2080.585526475286)
(1485.098363415448, 2156.1717131018518)
(1513.7438997810052, 2141.881804385316)
(1497.8702742885084, 2223.1417954893304)
(1477.6082680152233, 2135.604552697917)
(1475.1348242664394, 2019.7856091189844)
(1497.529480594248, 2139.759881464606)
(1467.5949058935103, 2148.407703844447)
(1513.945779855701, 2185.8116112852526)
(1489.422764374794, 2043.1930415559668)
(1496.211439210355, 2135.900948302934)
(1502.3916763514067, 2162.733025686189)
(1518.9643236162767, 2229.276695013179)
(1481.5774277584653, 2207.4327790841744)
(1501.75372892503, 2069.064175881264)
(1475.4988366769824, 2053.59673204392)
(1447.694033173784, 2160.160770957355)
(1476.3013966180595, 2238.3374532290686)
(1487.9241695233525, 2209.0073206367642)
(1517.8258489520829, 1994.710166365412)
(1499.0280754456899, 1958.6579804910289)
(1490.550575735414, 2174.08275120564)
(1489.5931612219244, 2110.9716019798334)
(1507.7577848865214, 2110.2925559246455)
(1530.9520956799613, 2126.236662118059)
(1497.0710998875707, 2157.0432179955346)
(1489.442597550937, 2232.3031979614057)
(1525.2548700063112, 2108.953580443369)
(1492.3279845738334, 1998.6092763441636)
(1477.017264704567, 2054.0969825295924)
(1513.7579486247182, 2172.903199808541)
(1490.9750744222351, 2093.6955551295464)
(1480.9346013609447, 2107.4258411080505)
(1535.232457999033, 2062.3527766462475)
(1531.192148675939, 2038.1896080278036)
(1495.7903260636733, 2225.9459547344454)
(1495.2027082931563, 2192.1508684521377)
(1470.8748018066663, 2128.2919300558656)
(1510.3164270588707, 2069.180568494418)
(1540.0467228926223, 2004.0835871587142)
(1506.5888137426107, 2167.3230117129715)
(1532.6946357506758, 2135.5248160145943)
(1516.3296528929318, 2039.0371273150076)
(1495.7322385796856, 2165.7214015230475)
(1457.54526295965, 2159.2155044002825)
(1534.0262192951268, 2203.494849281424)
(1471.3665578500445, 2195.693189195706)
(1493.245732735037, 2241.5215873648544)
(1493.368198718598, 2225.053461508866)
(1520.3462368165874, 1954.3333362089602)
(1485.6206159385429, 2090.850083501087)
(1512.5788208603894, 2029.1811468603526)
(1474.9774895151734, 2194.159483743406)
(1483.7280188799969, 2093.5353575737026)
(1507.4857419798225, 2128.43875762563)
(1472.3288513346781, 2143.962348063839)
(1485.281315675287, 2082.7325371393176)
(1502.440593962825, 2123.342736043492)
(1485.1075332880173, 2177.7504329511653)
(1494.6954099750606, 2195.757318189843)
(1503.3176890238933, 2212.832083477854)
(1509.5443635975103, 2202.286657777188)
(1535.4435079462983, 2157.2639498493268)
(1511.5468712269083, 2212.789816575545)
(1477.7171918382264, 2039.123192209911)
(1508.8178322074289, 2099.7823623018858)
(1510.8527284256788, 2117.858649939051)
(1510.3289824715796, 2089.1361112977343)
(1521.521979040777, 2050.2921412658325)
(1480.7550346412452, 2169.353670143367)
(1505.7494929246936, 1986.61332004988)
(1474.7137111197576, 2137.247139655913)
(1482.9569421664855, 2067.5218287524826)
(1495.3929383164295, 2093.8045438736026)
(1495.573491783978, 2009.4737332133404)
(1497.6727665018009, 2074.1055150939783)
(1478.6242766958565, 2211.2739476125876)
(1488.0640698907657, 2088.528041063691)
(1528.6160721197375, 2110.91252496323)
(1471.924185824, 2055.5384305459497)
(1529.3276493048195, 2156.180171778179)
(1519.2150399158281, 2186.7124559487993)
(1472.8617671613467, 2132.0451669838176)
(1516.0518256538028, 2161.7263775505626)
(1484.5397486936436, 2123.668323800495)
(1506.9867081730101, 2023.3452496893226)
(1490.6459307793973, 2192.7214758552627)
(1529.9210514077665, 2172.9031259996023)
(1505.4063004381426, 2104.423107336727)
(1496.2792032500674, 2181.1697306841475)
(1498.2642764956129, 2124.4512378105073)
(1471.095021626501, 2171.951488898577)
(1493.8604614451315, 2040.8280798831486)
(1480.2724484704363, 2051.3345735242146)
(1483.5305110932893, 2084.530484152344)
(1541.3797998680775, 2075.396990648112)
(1460.7350814780975, 2197.570832512538)
(1505.5079464977116, 2053.613320731397)
(1509.2316675906761, 2180.465632267915)
(1479.5759068769162, 2034.0323367937633)
(1479.9118216000327, 2237.4472311360178)
(1472.1482978671295, 2100.727557002875)
(1490.0888094885975, 2263.8997361027173)
(1480.2864973141493, 2114.673965711271)
(1489.6371998621987, 2111.9081884337625)
(1492.331370113973, 1982.1851030487426)
(1487.0214569537109, 2136.05000662571)
(1514.9917783328951, 2032.6287560352948)
(1519.4493085793758, 2171.3370096939184)
(1471.1710501774967, 2132.038098729993)
(1489.103297287681, 2091.1235886863724)
(1482.216361932691, 2113.3984599409223)
(1487.2789443335412, 2190.7826339600324)
(1473.7586953985583, 2062.921698391114)
(1496.3910059300545, 2084.381425829568)
(1473.3037002320204, 2023.0414167857866)
(1512.0889569261462, 2065.17850969753)
(1516.808853523601, 2068.6430362251263)
(1480.222118814576, 2051.3103664909195)
(1486.357810632198, 2066.8162661048086)
(1527.8522731696603, 1844.6447902683358)
(1490.4770273632716, 2130.9751209933474)
(1491.4417196401957, 2250.091655908241)
(1480.5241515178366, 2273.6169451898186)
(1519.796873353915, 2153.7144939930913)
(1501.4037653582002, 2240.000552235907)
(1485.4715456985602, 2162.5301253244984)
(1493.6223005582888, 2201.3839110258077)
(1503.5717908635843, 1983.3097031144105)
(1496.4457078739026, 2199.700266540706)
(1516.803069191171, 2094.046297488713)
(1520.910635870822, 2179.9681695773434)
(1479.7729079804683, 2126.2925872921073)
(1481.6311429544646, 2238.013074847269)
(1476.157604027351, 2181.4114508698367)
(1486.3345919159156, 2078.0717229092675)
(1509.2084488743938, 1984.7829218039524)
(1522.304705805711, 2043.6659331657895)
(1521.3327357653525, 2094.687147620835)
(1512.3314901009774, 2079.2876753799587)
(1469.046076564538, 2251.1902681969095)
(1491.9746354668644, 1907.1134106538584)
(1497.4617165545355, 2184.6510673260377)
(1495.2167571368695, 2138.301765954592)
(1482.1137291252733, 2267.505083703579)
(1480.5231647699877, 2118.12208459869)
(1488.855966528269, 2075.5327931732654)
(1479.1993390536645, 2087.631005573054)
(1519.5311214628016, 2147.4071694436802)
(1487.1835892895579, 2088.73617640307)
(1474.1865796255188, 2041.9065845499454)
(1494.8600224897607, 2161.8843708327204)
(1458.8492554998304, 2083.4511007283754)
(1533.6520502641656, 2022.2991558759095)
(1495.1620551930212, 2133.413146619685)
(1473.0636472360427, 2206.744247977611)
(1476.477071114464, 2238.3737470643005)
(1478.549741575865, 2018.1203865974956)
(1479.874554040037, 1950.5700691348788)
(1523.3400409793314, 2037.7893425151074)
(1509.1232504508287, 2043.562615302959)
(1520.5539012237134, 1977.4044510800838)
(1487.2789443335412, 2205.7578147022164)
(1474.356976472649, 2086.07836649181)
(1464.1161167676669, 2219.294694273357)
(1491.784405443591, 1984.1689188823493)
(1499.857239643189, 2035.3274739029284)
(1525.0753032866116, 2041.1432280698107)
(1459.3797725342085, 2015.9765612054405)
(1509.1479625981156, 2312.6334878651605)
(1502.956075405641, 2168.912899148413)
(1504.7029877643438, 2210.8365833164276)
(1515.464207883286, 2123.8950287213647)
(1503.027224985493, 2036.1453247550915)
(1488.6613642170075, 2040.5810124841694)
(1507.2475810929798, 2066.51649723042)
(1499.1307082531075, 2030.2943719397242)
(1516.343701736645, 2077.7700135203822)
(1464.3469998910753, 2152.95234688816)
(1515.1994427400211, 2122.7431648652937)
(1461.5981276954528, 2169.095946744471)
(1466.3625696163374, 2137.5090028457507)
(1518.3785979548948, 2079.2502459784623)
(1507.7505071230871, 2209.9417855288975)
(1499.5038905362198, 2150.0428938834416)
(1511.382258712208, 2158.0509682680035)
(1467.605569197084, 2212.019615221258)
(1493.407865070884, 2048.974408972692)
(1491.35990675677, 2122.1315806940966)
(1514.0028805918398, 2171.8590818919015)
(1509.0787051273985, 2125.530218760359)
(1473.7388622224153, 2201.405592070336)
(1465.9845083620814, 2112.270876927085)
(1526.4596966657755, 2094.7382756735874)
(1505.4774500179947, 2199.1558490177445)
(1464.6805158219013, 2102.479213463962)
(1499.5552069399287, 2153.9123758066694)
(1488.7567192609908, 2155.318482553905)
(1500.0078033141758, 2190.9862270343538)
(1461.2181743320618, 2155.3351450503205)
(1501.0775271908085, 2235.780692000965)
(1490.0069966051717, 2055.568353837229)
(1496.0251014103765, 2034.9135501184935)
(1492.8783347843548, 2079.281742692399)
(1511.5560410994776, 2077.6234073774344)
(1490.0491431363112, 1985.7998234653792)
(1464.510118974771, 2105.369659030797)
(1458.9485027671087, 2053.1701713655543)
(1512.09383589729, 1898.7427215849127)
(1501.1859443306562, 2013.0676532954749)
(1461.7273647592924, 2130.9865100854126)
(1503.6221205194443, 2085.4020294255433)
(1471.7131358767347, 2093.276974891597)
(1478.7631903154208, 2027.8333840375715)
(1476.7863815811586, 2163.5255339387923)
(1481.5328824350352, 1990.2563519084767)
(1491.2306696929304, 2029.8768604091968)
(1485.2779301351475, 2119.705710681394)
(1467.7280351806446, 2239.348643629752)
(1502.4976946989639, 2181.9866673968627)
(1514.030978279266, 2100.525354351056)
(1465.8736924299433, 2100.2409313595194)
(1481.3392668716226, 2044.0236769199382)
(1483.8306516874145, 2085.867483736847)
(1506.3918126390586, 1894.512164970537)
(1502.107078031999, 2041.3811725120124)
(1534.7740772923555, 2089.4638225693884)
(1518.300677294764, 2281.1533757664242)
(1466.7193042634462, 2196.901818556334)
(1503.0819269293413, 2186.400526463535)
(1530.3702622418746, 1950.6833433348995)
(1504.5597018567912, 2068.2910775406604)
(1492.518214597107, 2119.5298051481)
(1496.8344324317325, 2128.26179033501)
(1501.8258652527306, 2107.3037372341537)
(1502.956075405641, 2152.0543638286535)
(1522.391796338411, 2100.297918290893)
(1503.6022873433012, 2175.6316953024316)
(1485.352465255139, 2008.0824606836254)
(1482.909011302916, 2081.011463252719)
(1484.230438226949, 2138.97726269035)
(1510.9553612330965, 2008.8726978037002)
(1476.7863815811586, 2246.8152289542363)
(1496.0623689703723, 2205.533199866576)
(1460.534694834406, 2161.8830542191567)
(1487.2862220969755, 2159.4273731507765)
(1515.0198760203216, 2186.3046458992235)
(1458.7176196437003, 2183.78875420083)
(1504.064053590118, 2223.416147955221)
(1504.5771362406438, 2130.0506547707764)
(1471.5301836168958, 2087.814053169112)
(1519.5916077390798, 2021.2494358897418)
(1495.5560574001254, 2097.3556519586746)
(1480.9452646645184, 2137.482229444171)
(1476.496904290607, 2119.41242458656)
(1485.2943777711512, 2170.5257842419464)
(1509.2331610216806, 2088.787814168299)
(1467.605569197084, 1975.213602043941)
(1445.4597370596914, 2283.957313584722)
(1473.3375822518767, 2205.870324333522)
(1511.0197397326697, 2185.9426166891103)
(1514.9031943691907, 2157.98270143578)
(1489.33079487095, 2180.9549315179156)
(1492.402519693825, 2036.354157804342)
(1472.3022470782562, 2249.4808048291925)
(1528.1334859489289, 2157.3189608839275)
(1504.5466397609268, 2109.7920505827346)
(1488.5364994411561, 2176.212077995447)
(1501.8994136248732, 2049.28985239511)
(1508.5157995041686, 2196.1941727735266)
(1497.9622437923524, 2161.7637331431197)
(1496.3339051939156, 2199.6539356092494)
(1483.2323706133238, 2030.613772152929)
(1471.544232460609, 2132.7886353160425)
(1503.1976218326233, 2172.1300276589986)
(1490.6764272591142, 2110.595469691493)
(1518.932840388711, 2027.497321327951)
(1483.4559759732979, 2080.5650144264437)
(1501.0329818673786, 2167.589450597288)
(1507.9102406666436, 1951.3420319092186)
(1481.927391325295, 2089.5440285856707)
(1480.3818523581326, 2206.9520526989577)
(1519.9052904937628, 2011.7094893290157)
(1502.0252651485732, 2188.13599171402)
(1517.4792709253925, 2182.6324218886407)
(1481.4690106186176, 2211.368182898158)
(1505.85889681239, 2132.7959584261052)
(1498.8112411659947, 2173.2851909755022)
(1483.8398215599839, 2135.5147120595266)
(1494.8285392621951, 2113.601541349912)
(1491.743752343456, 2083.3568320133836)
(1486.1162642052159, 2046.295981727084)
(1490.0549274687412, 2169.7234268905136)
(1493.8677392085658, 2140.010060326623)
(1493.459181474593, 2102.401459627508)
(1484.8940845484615, 2130.1869335789847)
(1496.5415696010414, 2070.6670288758132)
(1470.5141749362629, 2071.2312607377453)
(1481.0570673445054, 2255.292311966773)
(1487.323489656971, 2073.9966335882823)
(1476.541449614037, 2086.0621418517867)
(1468.7251974329834, 2051.7935854354814)
(1490.5820589629798, 2134.4182567149305)
(1443.7321511939763, 2183.416471464917)
(1493.3986951983147, 2116.440456389879)
(1470.3544413927063, 2094.904694202651)
(1509.7752467209189, 2081.0569134741495)
(1508.1783913500476, 2111.287521685306)
(1529.5444835845146, 2118.8171004376627)
(1486.0054482730777, 2105.389545225851)
(1486.0325592126553, 2262.4895299440577)
(1470.908177143367, 2126.319541740986)
(1492.2568349939816, 2211.4094952815026)
(1495.2027082931563, 2094.4495318438103)
(1494.8014283226175, 2128.1266470930664)
(1517.668514200817, 1977.0850912463964)
(1487.4285212566795, 2222.4156873633924)
(1500.3703222937145, 2094.2603301333756)
(1511.943272226303, 2206.3960246571146)
(1530.414300882149, 1965.4305783044442)
(1491.0578740535097, 2143.173025083212)
(1488.7030040649913, 2211.863522074079)
(1488.563103697578, 2111.798609218195)
(1505.0321314071816, 2073.9421392162544)
(1498.0633831687658, 2146.2321603116393)
(1485.2057938074468, 2168.401590188708)
(1522.306597914846, 2096.758163915609)
(1453.9183089551104, 2098.3296697669552)
(1492.912216804211, 2057.633330206083)
(1497.170347154849, 2213.459711241775)
(1473.2630471318853, 2048.6036996594353)
(1497.8770453687873, 2094.305049215513)
(1485.3151976951433, 2039.4048677858636)
(1505.0471669987435, 2069.315490309545)
(1518.144329291347, 2076.802809109688)
(1486.3486407596286, 2075.466359617178)
(1481.9607666619956, 2109.9932987155885)
(1486.0557779289377, 2228.270778016846)
(1470.0383598457329, 2135.293906396795)
(1482.3412267085423, 2119.7871664523973)
(1491.4750949768963, 2149.980781165595)
(1508.4165522368903, 2224.2878742757193)
(1522.755808748954, 2031.4126155672086)
(1485.372298431282, 2087.7586042781186)
(1471.5708367170307, 2081.701056116608)
(1457.296945452389, 2149.9879232283583)
(1520.221372040736, 1985.5690210859407)
(1469.0189656249604, 2222.625910835146)
(1487.4285212566795, 2211.86191022476)
(1519.3036238795328, 1994.6010634328995)
(1486.2527790324898, 2136.3548344277287)
(1480.7690834849582, 2274.4569199401435)
(1451.9753822407044, 2083.6404500566878)
(1487.1356584259884, 2106.3137850243647)
(1508.4702674328898, 2177.0227464053296)
(1492.9015535006374, 2122.554439437914)
(1466.0392103059296, 2251.1295459015655)
(1479.8406720201808, 2236.9133269923364)
(1499.6195854395016, 2193.1451415001675)
(1482.4917903795294, 2083.956698427338)
(1515.6950910066944, 2136.970335010195)
(1483.2250928498895, 2167.511004048203)
(1473.103313588329, 2073.0447750604403)
(1506.0897799357983, 2102.411677771032)
(1476.946115124715, 2310.7857294129453)
(1477.1852627594064, 2153.309102693922)
(1501.8248785048818, 2180.107593278011)
(1477.9011308459144, 2117.3315926223772)
(1497.7240829055097, 2139.8568975951816)
(1504.1013211501136, 2120.2957614259403)
(1457.9629905661925, 1981.3152453866562)
(1502.7019735659503, 1938.5960487413618)
(1485.579962838408, 2123.8237576644647)
(1480.096267290876, 2060.9285431711546)
(1482.912903526211, 1983.0942587707382)
(1524.2708512363995, 2140.218705378478)
(1479.2100023572382, 2114.5139561528226)
(1458.2723010328873, 2156.3449450285016)
(1476.9766116044318, 2100.2870408641597)
(1497.8934930047913, 2049.8100244581133)
(1499.4947206636505, 2185.0314112614033)
(1475.019636046313, 2088.7307534279867)
(1505.0693989671772, 2113.6557070567633)
(1472.8932503889125, 1966.8666437252357)
(1486.7077741990279, 1970.733376280025)
(1505.4576168418514, 2144.1602633068387)
(1487.1729259859842, 2094.6095414022584)
(1490.2998594358626, 2256.7604595757707)
(1520.6390996472785, 2072.1401950329237)
(1522.0011796714464, 1912.4811779540846)
(1483.5039068368674, 2187.7506007983616)
(1502.3379611554074, 2220.8546230352426)
(1470.1840445455762, 2051.109044549127)
(1454.7721852998964, 2271.6771891551402)
(1499.290441796664, 2054.275266433776)
(1479.4607186567898, 2193.347417960925)
(1460.6160010346762, 2211.025563600045)
(1488.5597181574387, 2101.071566723491)
(1468.0358522163351, 2058.5299966520256)
(1502.9967285057762, 2023.1293149568262)
(1516.5010364879108, 2110.3299853261415)
(1445.4045284326878, 2251.2219863376627)
(1457.8976253187707, 2046.7577744833563)
(1508.7568392479952, 2059.020317279834)
(1478.4984251721562, 1995.0185081045838)
(1514.8427080929125, 2080.9802548244425)
(1462.512490316517, 2108.274750817757)
(1516.1675205570848, 2093.974550148758)
(1499.3582058363766, 2099.9108751463978)
(1485.1481863881525, 2197.26494990329)
(1475.844908020517, 2184.666049161436)
(1502.8781547455103, 2257.3796286633647)
(1486.3205430722023, 2125.750036474704)
(1485.6370635745466, 2067.301387137205)
(1510.3140282665802, 2068.4061535402498)
(1487.9522672107787, 2056.906853035451)
(1490.8022787828145, 2055.7916116797883)
(1479.726470547903, 2182.151950359662)
(1519.8844705697707, 2119.0006243167754)
(1495.4161570327121, 2031.5205829334568)
(1515.8795366975376, 1972.8066252806657)
(1494.5903783753522, 2129.5301540425958)
(1453.7246933916977, 2062.3768430117607)
(1477.4044958313923, 2057.5368257408386)
(1495.623821439838, 2043.2834657157732)
(1508.9098017112728, 2164.743064829381)
(1502.2668115755553, 2158.3321675609013)
(1504.722820940487, 2078.5232237130767)
(1475.536104236978, 2260.918428519683)
(1517.3969779772735, 2090.323757323706)
(1489.033134455678, 2266.5304085649445)
(1506.9048952895844, 2157.2847167544073)
(1498.6887751824338, 2139.15796534494)
(1501.434261837917, 2195.5267706666423)
(1476.269406707338, 2140.098396354055)
(1494.4180894190872, 2106.7951756900316)
(1500.078952894028, 2059.5822780092367)
(1484.230438226949, 2242.177231334979)
(1467.3872414863845, 2163.1541653423265)
(1476.6977976174542, 2072.1998221415206)
(1498.0880953160527, 2193.2988897058785)
(1488.3874292011735, 2033.9122491961566)
(1491.7776343633122, 2139.7452686739025)
(1509.8250696936234, 2029.122917124354)
(1487.9648226234874, 1961.2304566466792)
(1467.94486946034, 2082.3130093324994)
(1505.0902188911691, 2152.731615034367)
(1490.0418653728768, 2072.4677636839406)
(1497.843163348931, 2088.2826593229706)
(1486.939644070285, 2066.9114155298266)
(1494.4514647557878, 2154.3387888671573)
(1500.9816654636697, 2230.9836323921286)
(1442.7994488277734, 2202.2514995082206)
(1515.555190639281, 1896.8950723239132)
(1484.3088655702352, 2155.133823108528)
(1518.2435765586254, 2092.6319869213894)
(1490.955241246092, 2066.3937694555902)
(1475.712285416538, 2253.3981153447407)
(1506.2552978117847, 2065.5594725365872)
(1499.558592480068, 2230.717705173144)
(1500.27595399758, 2236.0009859983647)
(1466.9187041592888, 2139.2451658061077)
(1496.0822021465153, 2130.446123162177)
(1483.2696381733197, 2100.3249131192892)
(1490.0491431363112, 2134.0492734394497)
(1519.5378925430805, 2117.0243530200482)
(1499.9085560468977, 2321.218095390312)
(1491.026390825944, 2299.899370072424)
(1466.8543256597156, 2165.1306580658706)
(1510.057446248036, 2062.25199172228)
(1509.9829111280446, 2160.418239500013)
(1489.4498753143714, 2063.015529249714)
(1519.2126411235377, 2087.8991704951463)
(1503.9343098431227, 2082.5387597344043)
(1475.9001166475207, 2158.7211512198933)
(1504.1328043776793, 2209.3517682137726)
(1504.0606680499784, 2075.272360785448)
(1492.8304039207856, 2000.5239112060995)
(1483.4061530005933, 2142.8223495828875)
(1486.9493206260101, 2173.420845882778)
(1475.3318253699915, 2142.5140482232327)
(1493.0206339440588, 2180.8284683791153)
(1503.6661591597187, 2113.3366355087355)
(1493.0826136513413, 2110.4525654830936)
(1498.845123185851, 2095.214204937509)
(1512.6804669199585, 2023.797705012097)
(1507.3260084362662, 2185.1334459400914)
(1493.993590732266, 2145.242905811722)
(1466.1616762894903, 2158.763377742685)
(1485.8960443853814, 2067.8046398947)
(1488.4851830374473, 2039.5713266944445)
(1508.3735003444647, 2155.910837860401)
(1490.1236782563024, 2224.8279325337776)
(1520.454653956435, 2120.567876188724)
(1502.8883113659285, 2143.4999294537783)
(1499.3475425328027, 2174.897638212643)
(1486.7218230427409, 2122.3030915802115)
(1496.5895004646109, 2318.1359221242756)
(1466.967621770707, 2119.403711053995)
(1516.3877403769195, 2168.60089585421)
(1532.025205096733, 2037.7261680399354)
(1473.8472793622627, 2136.259975241225)
(1506.0491268356634, 2193.241902774505)
(1501.5354012143302, 2106.86516356279)
(1491.6992070200258, 2069.429135507115)
(1484.1733374908101, 2073.8621880562105)
(1489.559279202068, 2165.475986352905)
(1489.782884562042, 2034.2023834484364)
(1456.1037688443473, 2237.3602521016664)
(1454.99917620001, 2201.784726630498)
(1511.023125272809, 2170.6367204505955)
(1492.123705706847, 2044.342122614178)
(1496.9321862680063, 1988.1232563252775)
(1522.150249911429, 2130.991931107641)
(1503.0819269293413, 2134.663786073529)
(1490.289196132289, 2107.537691456147)
(1509.646996404928, 2047.141229881759)
