354174988251111358464
15292966065715172868096
3154426209709005119422464
89346911433153252447744
9068952602680492032
8037872915269097263104
44974601682680807424
694630992677576306688
372196330390027139029139456
677917844708826021888
16410657202007740245504
1295564657525784576
4624032350072733696
31093551780618829824
2027695752931914930020184
2344379600286820035072
1440716132960899006464
224619379353465126912
1440716132960899006464
89346911433153252447744
3154426209709005119422464
18755036802294560280576
248289275869214073063696
16410657202007740245504
354577405862133891072
31862472912219930624
8037872915269097263104
268821669123899523072
16410657202007740245504
976417992622582272
6744198034980391234830336
2027695752931914930020184
17909885825636445978624
3444802677972470255616
207846765496822136832
63482668218763444224
1687250291251822166016
499926012222762123264
27638712693883404288
1036883580906469588992
3154426209709005119422464
2525915552912769024
3110650742719408766976
354174988251111358464
100808125921462321152
1835698027864522752
47813960639055157788672
1789497024366772224
3830311483078606848
2009468228817274315776
28027665892180525842432
38291533471351393906176
83321002037127020544
437435260694916857856
4534476301340246016
723107267679352356864
5182258630103138304
6630528326396018688
7721907949886471405568
55175394637603127347488
1027562744460607488
484975786159251652608
1687250291251822166016
131667756305583439872
138994343097956485300224
89346911433153252447744
29350265568852776583168
2027695752931914930020184
5976745079881894723584
166642004074254041088
421812572812955541504
297171438884634362904576
182416610842687890414144
7360327822654345278652416
74966756861055182198276096
7921271173934443659264
1020031160299843366158336
1687250291251822166016
966952047599419392
309903114719722438656
1840081955663586319663104
182416610842687890414144
1020031160299843366158336
18755036802294560280576
89346911433153252447744
555581694343130889746120704
114173638273400832
182416610842687890414144
182416610842687890414144
182416610842687890414144
34748585774489121325056
9590585614965669888
3022984200893497344
22336727858288313111936
2264832171464196096
15027335971252621610582016
14818794510454961209344
499926012222762123264
723107267679352356864
18586442532128292864
22539340290692258087863249
1873941736778366976
35495408095362390425600
83321002037127020544
580412966571551490048
2027695752931914930020184
45688484249072566272
127957003212423168
2027695752931914930020184
3119713602131460096
8432737815502651392
22733239976214921216
8047005637012768161792
723107267679352356864
2027695752931914930020184
1687250291251822166016
33994407923417088
19580778963888242688
1480645322886610944
151789280679047725056
5557047941420610453504
2027695752931914930020184
406458363715336078884864
555581694343130889746120704
6039552457237856256
13094346226299794620416
2027695752931914930020184
8229234769098964992
555581694343130889746120704
425638758632938410966336
54049366175611226789376
18755036802294560280576
4441935968659832832
214254005238326624256
2027695752931914930020184
13954640477897738304
2027695752931914930020184
4624032350072733696
2175642107098693632
104940737259588550656
606725021056128490930176
22539340290692258087863249
399607733956902912
7577746658738307072
182416610842687890414144
42528428123116916736
2027695752931914930020184
167039970680451594847256576
652964587392995426304
2351209934028275712
17930235239645684170752
1545025082306451487064064
18755036802294560280576
38291533471351393906176
16410657202007740245504
6630528326396018688
6630528326396018688
33138833784569856
18755036802294560280576
12150979463747690496
9994355929484623872
168584512763068416
5893802956796461056
1798234802806063104
180776816919838089216
8037872915269097263104
2027695752931914930020184
406458363715336078884864
1103048289298188301824
457785209572281922093056
244861720272373284864
17650075314026220355584
42528428123116916736
151789280679047725056
14774058577588912128
2027695752931914930020184
22028376334374273024
154362442817239179264
3196861871655223296
360845078987538432
7152893899566905032704
9186140474593254014976
406458363715336078884864
1200096737160265728
24480747847196240787800064
41781878599974912
1351896947018145051181056
41941336508596224
74292859721158590726144
1120556992302921449472
1020682274954806001664
4110250977842429952
1964600985598820352
8037872915269097263104
907273133293160890368
1020031160299843366158336
145811753564972285952
199081647534042161086464
2573779341695772704256
2841654997026865152
354174988251111358464
1687250291251822166016
355206874628358144
15937986879685052596224
450868486864896
89346911433153252447744
40810286712062214144
8037872915269097263104
360845078987538432
19891584979188056064
2721819399879482671104
5557047941420610453504
38291533471351393906176
199081647534042161086464
12716255821452275613696
110017655193533939712
182416610842687890414144
694630992677576306688
5611862668414197694464
471307858269437952
18755036802294560280576
948402848669117517398016
16410657202007740245504
425638758632938410966336
425638758632938410966336
45688484249072566272
978749828205771063558144
53790705718937052512256
2065160281347588096
6740571938881536
826408305919259836416
463087328451717537792
70595090515084051316736
2810912605167550464
2009468228817274315776
38291533471351393906176
127359188093414726959104
12382143286859765121024
4518085792965379284271104
30607715034046660608
244861720272373284864
51399544780206637056
1545025082306451487064064
2682335212337589387264
22539340290692258087863249
3444802677972470255616
42917363397401430196224
39977423717938495488
1133619075335061504
70595090515084051316736
6744198034980391234830336
1351896947018145051181056
83321002037127020544
22378033101586563072
15027335971252621610582016
26235184314897137664
5791003518815488584576
948402848669117517398016
16410657202007740245504
723107267679352356864
661277793945452544
425638758632938410966336
1687250291251822166016
182416610842687890414144
30607715034046660608
89346911433153252447744
425638758632938410966336
62490751527845265408
268821669123899523072
6526926321296080896
2697352204209094656
167039970680451594847256576
85056856246233833472
5229651944896657883136
11243650420670201856
30163702929244028928
31862472912219930624
784716723734800033386496
2210176108798672896
81620573424124428288
6350911933052126232576
4518085792965379284271104
425638758632938410966336
145811753564972285952
72551620821443936256
17930235239645684170752
3444802677972470255616
2175642107098693632
283780117158327824154624
51399544780206637056
7577746658738307072
15027335971252621610582016
182416610842687890414144
18482966072513701871616
2150573352991196184576
499926012222762123264
8037872915269097263104
2765022882417252237312
22539340290692258087863249
8037872915269097263104
199081647534042161086464
51399544780206637056
104940737259588550656
54907292622843151024128
22336727858288313111936
244861720272373284864
425638758632938410966336
2381591974894547337216
138994343097956485300224
167039970680451594847256576
22028376334374273024
127957003212423168
3671396055729045504
1687250291251822166016
26473158943156519243776
1687250291251822166016
2381591974894547337216
30607715034046660608
8037872915269097263104
266405155971268608
182416610842687890414144
63792642184675375104
499926012222762123264
1351896947018145051181056
68398419340689408
83321002037127020544
167039970680451594847256576
54907292622843151024128
425638758632938410966336
8037872915269097263104
2027695752931914930020184
94761300664743100416
446548495292727625728
3303280670194477339508736
18755036802294560280576
2419395022115095707648
182416610842687890414144
15027335971252621610582016
71418001746108874752
15303857517023330304
22539340290692258087863249
1166494028519778287616
5557047941420610453504
1525315150594858549248
8037872915269097263104
38291533471351393906176
354174988251111358464
283104021433024512
9618527719784448
12404124869242434048
519400496868360192
11422121062268141568
304463035395735552
214254005238326624256
1756088674615296
168584512763068416
18755036802294560280576
99416501353709568
238869018084114432
723107267679352356864
2065160281347588096
38291533471351393906176
15292966065715172868096
1237940039285380274899124224
8037872915269097263104
5738946568883748864
244861720272373284864
7675665353844191133696
38291533471351393906176
15027335971252621610582016
906694364710971881029632
8037872915269097263104
2381591974894547337216
89346911433153252447744
590045794670739456
8037872915269097263104
6526926321296080896
6526926321296080896
55175394637603127347488
36607563614276605181952
2915020479433015296
182416610842687890414144
120281692995846144
3247605710887845888
167039970680451594847256576
93736127291767898112
182416610842687890414144
5557047941420610453504
231543664225858768896
425638758632938410966336
54149314665567485952
424656032149536768
119476297388399788032
1396045491143019569496
302424377764386963456
12801031863042834432
244861720272373284864
723107267679352356864
2027695752931914930020184
22539340290692258087863249
3110650742719408766976
8037872915269097263104
38291533471351393906176
5557047941420610453504
182416610842687890414144
8037872915269097263104
826408305919259836416
6350911933052126232576
1687250291251822166016
17133181593402212352
15027335971252621610582016
3936917346254251720704
26651615811958996992
72551620821443936256
9186140474593254014976
88543747062777839616
2027695752931914930020184
22539340290692258087863249
167039970680451594847256576
425638758632938410966336
555241996082479104
4441935968659832832
93736127291767898112
8037872915269097263104
167039970680451594847256576
1768877612408537874432
2721819399879482671104
1692166083298983936
72551620821443936256
12849886195051659264
88543747062777839616
1687250291251822166016
8037872915269097263104
499926012222762123264
1041946489016364460032
18755036802294560280576
8037872915269097263104
182416610842687890414144
3119713602131460096
26473158943156519243776
1903686843711356928
377873025111687168
38291533471351393906176
1351896947018145051181056
499926012222762123264
499926012222762123264
1687250291251822166016
826408305919259836416
138994343097956485300224
12747902971281408
1020682274954806001664
6744198034980391234830336
38291533471351393906176
283104021433024512
199081647534042161086464
51399544780206637056
182416610842687890414144
217654862464331808768
209083520429699629056
3781879849022359891968
182416610842687890414144
1687250291251822166016
3154426209709005119422464
134410834561949761536
44974601682680807424
19342813113834066795298816
3668783196106597072896
74966756861055182198276096
347315496338788153344
3154426209709005119422464
990158896741805457408
22539340290692258087863249
21684182954149675008
38291533471351393906176
13172261787071076630528
208476126677357589044736
22539340290692258087863249
499926012222762123264
88207110181279531008
3106765667303424
5557047941420610453504
2915020479433015296
499926012222762123264
3733634293387493376
182416610842687890414144
50221870319027202136735744
363472978896510877958144
18755036802294560280576
11046277928189952
1620805649581011382272
4518085792965379284271104
355206874628358144
309903114719722438656
1020682274954806001664
4518085792965379284271104
11845162583092887552
88050796706558329749504
2009468228817274315776
140328641828487168
50743839232622592
444378677531344109568
873777843929088
51399544780206637056
8824386314385506414592
3825964379255832576
3936917346254251720704
182416610842687890414144
545597759429158109184
1620805649581011382272
119932271153815486464
71418001746108874752
716857784330398728192
425638758632938410966336
22336727858288313111936
26473158943156519243776
104940737259588550656
248289275869214073063696
3309144867894564905472
5557047941420610453504
2027695752931914930020184
38291533471351393906176
926174656903435075584
15027335971252621610582016
59490213865979904
315179916321896792064
1852349313806870151168
606725021056128490930176
723107267679352356864
33934165795399532544
400562058375746681831424
1620805649581011382272
70595090515084051316736
984229336563562930176
5097655355238390956032
36783596425068751564992
499926012222762123264
545597759429158109184
6350911933052126232576
3444802677972470255616
5557047941420610453504
814419979089588781056
37463225058459648
62380010494733743816704
793863991631515779072
89346911433153252447744
2027695752931914930020184
8037872915269097263104
73040694872113152
2810912605167550464
17405136856789549056
1260719665287587168256
425638758632938410966336
5238935961596854272
7675665353844191133696
40172625982186242048
2150573352991196184576
446548495292727625728
38291533471351393906176
89607223041299841024
104940737259588550656
723928870301856694272
272604734172383158468608
32402611903327174656
421812572812955541504
1852349313806870151168
193128135288306435883008
182416610842687890414144
2381591974894547337216
399607733956902912
71418001746108874752
13945738519724421021696
425638758632938410966336
190448004656290332672
151789280679047725056
705656881450236248064
747093134985236840448
3110650742719408766976
4046028306313641984
182416610842687890414144
171974212317496737792
5738946568883748864
38291533471351393906176
4534476301340246016
2525915552912769024
2381591974894547337216
88050796706558329749504
41789733593151707283456
501382543199698944
406458363715336078884864
705656881450236248064
38291533471351393906176
6202062434621217024
89346911433153252447744
285975482410641411584
41789733593151707283456
38291533471351393906176
437435260694916857856
1310666765893632
182416610842687890414144
7721338025087318112768
383190744619655626752
167039970680451594847256576
1545025082306451487064064
38291533471351393906176
499301625102336
190448004656290332672
166642004074254041088
33543160650117458952192
244861720272373284864
687166857356840534016
1945555039024054272
17681408870389383168
17183098999406592
5242667063574528
10202571678015553536
499926012222762123264
268821669123899523072
1687250291251822166016
173473463633197400064
2573969316628823801856
80244904034304
20468440943584509689856
7360327822654345278652416
406458363715336078884864
38291533471351393906176
182416610842687890414144
767742019274539008
993157103476856292254784
26734290212028747350016
17490122876598091776
167039970680451594847256576
38291533471351393906176
7843898946120450146304
2027695752931914930020184
70595090515084051316736
182416610842687890414144
19580778963888242688
51399544780206637056
1041946489016364460032
3273586556574948655104
38291533471351393906176
554258041324859031552
555581694343130889746120704
8047005637012768161792
6755399441055744
3444802677972470255616
2381591974894547337216
2381591974894547337216
855336483526017024
425638758632938410966336
15027335971252621610582016
555581694343130889746120704
413643108486820613184
113409141661645111296
7360327822654345278652416
2027695752931914930020184
9590585614965669888
1160825933143102980096
2761569482047488
7721338025087318112768
41985891679076352
182416610842687890414144
190448004656290332672
61770704200698544902144
1983833381836357632
25681482372746179510272
3668783196106597072896
1541344116690911232
1840081955663586319663104
1840081955663586319663104
44974601682680807424
173473463633197400064
176740446851039232
406458363715336078884864
5557047941420610453504
6744198034980391234830336
457785209572281922093056
2958148142320582656
199081647534042161086464
60729593321521152
530221340553117696
210906286406477770752
3008295259198193664
6045968401786994688
1687250291251822166016
1041946489016364460032
155403007649906688
22028376334374273024
499926012222762123264
8524964991080595456
694630992677576306688
844424930131968
38291533471351393906176
948402848669117517398016
5557047941420610453504
42528428123116916736
217654862464331808768
23966478004912128
2175642107098693632
182416610842687890414144
16014627014995919048704
453636566646580445184
30553474528032854114304
646634381545668870144
171974212317496737792
171974212317496737792
26473158943156519243776
15027335971252621610582016
636077713068894036426752
828816040799502336
1166494028519778287616
1208925819614629174706176
19676388236172853248
1351896947018145051181056
5611862668414197694464
463943672983977984
182416610842687890414144
297171438884634362904576
1036883580906469588992
49044795233425002086656
38291533471351393906176
191241726686365260709888
182416610842687890414144
6630528326396018688
63751947518740210384896
4046028306313641984
124130464729399296
13172261787071076630528
24480747847196240787800064
723107267679352356864
8037872915269097263104
38291533471351393906176
948402848669117517398016
2027695752931914930020184
74292859721158590726144
723107267679352356864
33138833784569856
54049366175611226789376
3154426209709005119422464
106276788312662016
1351896947018145051181056
104940737259588550656
3936917346254251720704
17909885825636445978624
15027335971252621610582016
51399544780206637056
803117887190728704
74292859721158590726144
192792359750860800
5223716699143963410432
6801714452010369024
10748388269843546112
89346911433153252447744
18755036802294560280576
63482668218763444224
89346911433153252447744
280657283656974336
2027695752931914930020184
555241996082479104
161945582190723072
2525915552912769024
36414254756822777856
723107267679352356864
38291533471351393906176
41183509066061180829696
1333136032594032328704
3781879849022359891968
2027695752931914930020184
13537328666391871488
26473158943156519243776
850214306501296128
5638204359180288
425638758632938410966336
31093551780618829824
826408305919259836416
2381591974894547337216
4518085792965379284271104
38291533471351393906176
13537328666391871488
814419979089588781056
182416610842687890414144
425638758632938410966336
606725021056128490930176
37947320169761931264
694630992677576306688
366156747233468352
425638758632938410966336
74345770128513171456
15027335971252621610582016
354174988251111358464
104033782759967162368
605967246346420224
66601288992817152
1687250291251822166016
662153606702764923027456
68078861925529707085824
20468440943584509689856
1348676102104547328
169287115250035851264
17019715481382426771456
2027695752931914930020184
723107267679352356864
2027695752931914930020184
38291533471351393906176
182416610842687890414144
1415691715797633145503744
1166494028519778287616
8037872915269097263104
38291533471351393906176
3936917346254251720704
4862416948743034146816
2013184152412618752
8037872915269097263104
89346911433153252447744
825820167548619334877184
217654862464331808768
214254005238326624256
4862416948743034146816
8037872915269097263104
3444802677972470255616
2027695752931914930020184
8115632763568128
3781879849022359891968
22539340290692258087863249
723107267679352356864
9103563689205694464
173473463633197400064
151789280679047725056
238952594776799576064
4862416948743034146816
978749828205771063558144
3781879849022359891968
41183509066061180829696
100808125921462321152
182416610842687890414144
793863991631515779072
2721819399879482671104
1020682274954806001664
74966756861055182198276096
354174988251111358464
22336727858288313111936
3022984200893497344
7675665353844191133696
4412193157192753207296
90868244724127719489536
7721338025087318112768
16410657202007740245504
38291533471351393906176
298566340828987392
18755036802294560280576
723107267679352356864
16458469538197929984
1687250291251822166016
6424943097525829632
5611862668414197694464
85320706086018069037056
173473463633197400064
35495408095362390425600
54049366175611226789376
464523844246098375868416
91823145102139981824
6801714452010369024
38291533471351393906176
182416610842687890414144
2419395022115095707648
8037872915269097263104
1166494028519778287616
425638758632938410966336
17681408870389383168
22539340290692258087863249
7253554917687775048237056
31862472912219930624
18755036802294560280576
61215430068093321216
38291533471351393906176
499926012222762123264
89346911433153252447744
1476344004845344395264
244861720272373284864
44974601682680807424
15027335971252621610582016
2629465015396073472
3444802677972470255616
948402848669117517398016
499926012222762123264
38291533471351393906176
3154426209709005119422464
167039970680451594847256576
128445343057575936
15027335971252621610582016
2454728428486656
425638758632938410966336
662153606702764923027456
171974212317496737792
1020031160299843366158336
1600128982880354304
4441935968659832832
34534001699979264
61215430068093321216
128445343057575936
2175642107098693632
217654862464331808768
190448004656290332672
3154426209709005119422464
793863991631515779072
3444802677972470255616
193470988857183830016
2150573352991196184576
18755036802294560280576
3444802677972470255616
24448367820785319936
104940737259588550656
45688484249072566272
8037872915269097263104
13172261787071076630528
38291533471351393906176
1798234802806063104
16410657202007740245504
285468699893349893537792
193470988857183830016
917849013932261376
997892564113686528
8037872915269097263104
6735774807767384064
180776816919838089216
2027695752931914930020184
2381591974894547337216
182416610842687890414144
535411924793819136
5801712285596516352
244861720272373284864
130391295044188372992
214878232799870976
38291533471351393906176
85828391658493753651648
5557047941420610453504
580412966571551490048
167039970680451594847256576
58987154824901381062656
145103241642887872512
38291533471351393906176
10364517260206276608
516290070336897024
2027695752931914930020184
190448004656290332672
301169207696523264
1415691715797633145503744
8037872915269097263104
2721819399879482671104
15027335971252621610582016
39977423717938495488
38291533471351393906176
26473158943156519243776
3444802677972470255616
4963717301841847358208
4862416948743034146816
51399544780206637056
2009468228817274315776
22336727858288313111936
3936917346254251720704
22336727858288313111936
2180837873379065267748864
2609999541882056169488384
151789280679047725056
2141647699175276544
151789280679047725056
716857784330398728192
118402291542786048
360845078987538432
31587100221581033472
978749828205771063558144
182416610842687890414144
14818794510454961209344
16410657202007740245504
8824386314385506414592
182416610842687890414144
38291533471351393906176
4862416948743034146816
89346911433153252447744
62912004762894336
2027695752931914930020184
3781879849022359891968
3444802677972470255616
815865790162010112
217654862464331808768
499926012222762123264
297171438884634362904576
279841966025569468416
2027695752931914930020184
15027335971252621610582016
3444802677972470255616
203604994772397195264
7459344367195521024
18586442532128292864
151789280679047725056
171974212317496737792
252876769144602624
182416610842687890414144
2027695752931914930020184
15595002623683435954176
