2172.950337641085
1913.104996545096
2167.998946305122
2288.052948383971
2198.620809307799
2129.8091560119037
2228.7062756074492
2189.776716963699
2063.607408273155
2157.361153977298
2040.2535226393322
2289.281209083416
2312.9697316220804
2128.3838942089073
2207.920647532155
2132.0450931748787
2178.355022677476
2245.855388033122
2137.2358597550638
2141.9146580923334
2164.3124381690127
2133.87823883639
2176.6490732469133
2208.8650757115743
1974.0170594852493
2008.764656628513
2212.4910022201216
2067.795483508501
2133.61124986008
2177.695388487143
2162.526685196284
1965.3603690048694
2157.6843967928335
2067.50790867441
2168.7478710418527
2183.9759396349746
2013.3737239021182
2081.560201613921
2189.641318865517
2222.463187290535
2057.613772676206
2225.2381209542427
2204.0433327863875
2057.816008757446
2213.6258749146
2071.8800932631384
2027.0109171114125
2062.3415371249152
2223.417209712546
2139.9331133912556
2155.569830411607
2107.736082982202
2212.754403450339
2165.2776666829345
2107.81716970851
2032.5462788864838
2151.8235210696976
2173.1529761964416
2058.0285033617283
2153.5013066761785
2065.7987001629317
2126.605759581996
2017.4066201297328
1995.8523287405317
2188.244401933902
2124.0321478600817
2206.985599118606
2098.6492510274593
2249.6717994362457
2035.385703638927
2178.662007423567
2185.245074861371
2162.2498067416263
2174.2909249716813
2066.4168074931995
2150.4526798297898
2146.047722293079
2117.5285937259296
2143.3481237154188
2143.4174523049674
2149.1720482729684
2136.766924936028
2019.3536254655348
2148.275308018087
2188.1325515858057
2225.1435973830125
2232.697859451719
2111.363992337618
2328.501599689317
2060.3397018018118
2129.219360123596
2109.649986704844
2099.558661605693
2155.0199230547196
2103.1167641356506
2058.6573739302735
2142.828610935625
2122.351029363747
2115.5568981236806
2054.3979942086057
2104.668012794393
2037.9896765085134
2106.592020472103
2141.7297772201396
2185.3148816868297
2184.124486292419
2106.341182326877
2067.810720200138
2051.712605947534
1985.3499345108894
2032.9614858550613
2106.225563185389
2035.1069584787122
2204.4279571804764
2040.052638553932
2120.483860999532
2166.3649990707527
2149.1360831029133
2011.7983016395028
2126.9475739318773
2196.762321046728
2169.988694826289
2188.3599138370296
2047.2683857331901
2165.7022130378646
2040.7100419912538
2023.0800555624862
2138.9913253890595
2111.35216039192
2148.4706972723197
2092.0850080273844
2053.510117057023
2185.5408131360336
1998.5336864018777
2079.0020833927365
2089.3013204515946
1973.8527240913195
2161.0747238006466
2222.9691490369514
2038.5642003229084
2305.029266739387
2140.6917799884554
2225.557447358509
2095.64995738435
1963.2736043531272
2226.347463051766
2199.8785504448897
2221.312532809667
2204.8614050653673
2104.6803210231465
2083.4537005260813
2055.8048340479895
2052.997927387291
2116.507332799599
2065.3484825432643
2185.020017172097
2158.7784333870222
2067.5512373340443
2236.7097339180145
2032.997120407084
2188.3902749847016
2215.3071744582344
2150.6923503097673
2054.523100354325
1995.915543595221
2061.536391978381
2211.57177597248
1957.4698631792428
1920.009547331238
2184.205573018727
2259.107661612572
2251.7935413096566
2123.715535441978
2031.30827632657
2077.9378962808873
2221.153658817483
2106.1526064702307
2151.3684659492174
2166.1392486688483
2067.6076387911476
2227.58096372614
2044.0211843605928
2027.7418961675846
2031.0195324967929
2100.2970779603843
2136.223681405993
2082.0055483033534
1994.0164356634364
2166.396824449866
2022.4408910886227
2141.7491537027176
2147.998610610729
2127.2647698713968
2111.7258001209143
2163.230602565217
2150.043881831828
2090.289513194186
1949.0711175245758
2179.5735080870304
2128.093100673418
2115.5573005977967
2289.1454065582625
2124.8760055922544
2110.760940651687
2150.477584572957
2096.95743615169
2122.0757293289876
2242.498862301195
2228.3858136369186
2111.488843627099
1972.6669447709053
2134.1053058518582
2083.5958047834893
2227.049364144409
2094.584198802699
2143.1744155057145
2145.597611911772
2043.6899591517854
2273.8842294018846
2159.9856723251482
2039.5089187408423
2168.1842984631303
2094.898761515091
1958.2612692950033
2184.689706102737
2106.5379285741906
2173.998076733239
1944.9809391298318
2132.2624183298776
2101.943145426112
2206.268392522629
1900.0125110972776
2108.240068831845
2138.218886331665
2048.8721528671867
2085.4287290181837
2210.1967615122094
2079.208933595118
2080.1748952011876
2165.7033486041287
2054.4001177232567
2081.3597938115754
2212.0734168806553
2291.069414235973
2127.2419198311827
2104.387472784704
2168.0290860259774
2042.342303567365
2073.378311781294
2118.2870054668906
2057.3718310636996
2036.4647249682962
2240.8210432652927
2172.520772738042
2225.427396473616
2047.444110219185
2079.745296868723
2132.267765543167
2256.0592561930002
2084.155272953547
2132.175070250832
2136.4902679081874
2290.256105648867
2159.5661445183305
2127.8453739912297
2192.3605822114146
2079.7820669870102
2127.064550066447
2241.722983115586
2082.9267908272855
2005.5921330116087
2181.2546265833653
2137.6756428016306
2245.0179058421427
2185.809561579541
2106.459879501981
2176.1053534338234
2269.1695397034987
1950.6412663828403
2167.125862991542
2030.752248284727
2104.2531344909926
2136.118240028512
2104.327919485046
2119.222491736832
2049.670815234167
2023.8576942152924
2025.09529430109
1981.869914482563
2158.11670911146
2094.3543439921295
2098.111497331351
2073.861564155278
2134.7098621487476
2037.1311725562155
2259.317187374453
2039.905884793106
2176.515508424867
2137.0620039274813
2032.072727993452
2003.7284432022714
2060.973590918469
2196.4354501055827
2130.482893280464
2054.703474343738
2175.279958044782
2198.6123840608934
2062.4035426044015
2159.313473096968
2169.744670078649
2095.504560616605
2040.1247883680032
2079.5049336761144
2169.7627229975674
2158.0883976694995
2027.6887537913967
2228.5120219194805
2041.5402345015918
2268.4763187139997
2244.0160882572336
2071.1632487617603
2079.9564679093455
2190.435365158501
2056.4081405901584
2183.4194403073175
2014.166265584143
2022.5531458636901
2160.871130726325
2053.892913172216
2093.965836616193
2107.4075667623156
2125.300806803423
2084.7333107050954
2132.111384110329
2178.7526883924666
2187.5646247394207
2092.420996928066
2072.1689109018544
2180.5907787931515
2143.0175912192426
2063.023766499224
2098.9577000049917
2124.2288941073957
2096.133176328912
2168.0265600372104
2040.506886773325
2196.1686421765717
2302.6269848562874
2044.7034206849976
2144.4999137625514
2213.098158314717
2136.780623587284
2225.3570395561637
2074.7644585245357
2236.520277351342
2100.724150304082
2101.1984677186833
2142.112318479095
2037.3385748034461
2073.117396160326
2266.059531278557
2112.364231502629
2170.716852657939
2187.273314541359
2153.325327333945
2131.62996001524
2302.1269557974315
2140.883836352834
2247.6709520615286
2081.2568449934397
2161.1185287433364
2098.064728543502
2130.722342333625
2104.423362192965
2181.333623224444
2086.3271883607454
2114.624704364076
2012.5098373542542
2073.077883623696
2100.647605842831
1945.5816862538122
2022.7985610338328
2048.665812377282
2108.076359291703
2260.592033861593
2086.937563156738
2018.9662940353799
2087.0952347238153
2220.8269354942154
2068.2654800848622
2192.994249901255
2110.139097957449
2083.680955538945
2082.3445060464355
2169.3828957247742
2112.6911024437745
2104.135499073214
1992.2931644532484
2096.9083243752284
2020.1697956566807
2171.8540299143674
2041.314557908626
2157.990024545843
2087.431699907552
2049.718974444519
2069.356769263468
2113.6256007653296
2106.9152298582167
2125.1234704681087
2079.887541793913
1987.1262742883266
2131.0972248672447
2107.290260009714
2189.8296398659254
2130.2515388561765
1995.9698165404322
2091.2195430596225
2056.7080236530037
2238.7554076132296
2158.077667860644
2212.685222478668
2089.9021413845135
2263.9061116439107
2138.953050659814
2112.0305137344762
1942.0450817682283
2113.6253459090913
2154.2477054241417
2068.879992718942
2048.109496049779
2071.4855390111857
2154.6699806465435
2024.1400290744546
2228.59101856056
2068.261630532436
2099.9109489553366
2221.5272985464776
2045.8593485702165
2011.2591240914705
2080.0527913272904
2144.213367256364
2141.919126548452
2106.943979156569
2105.8312303602524
2069.588707209171
2170.268939600222
2111.4881843438898
2194.6940855969588
2057.775139227735
2141.6752090391724
2044.1051661203626
2151.864026551955
2254.1605911148495
2079.1566365466797
2102.881198064338
2108.430184681727
2164.3924631379955
2155.654692881403
2111.885997676758
2144.434394345912
2079.0703502249594
2124.411758703299
2112.8730144735678
2120.2026617066344
1994.385128700403
2069.008472134032
2101.048273829643
2139.7416405482927
2110.230221779982
2094.177302892571
2021.9647403978847
2075.539423570697
2130.9004786199307
2157.338337366505
2150.4748037279514
2195.828991720859
2089.199507199723
2015.2652469175057
2201.6411581416487
1973.7315697391464
2155.8793077170435
2048.790006336408
2249.911760154738
2221.210276704162
2075.288109142416
2050.775803064029
2075.0632728799596
2034.3669687013637
2008.185630928578
2179.5913061497104
2124.2042107910456
2037.9047471798744
2113.324515277377
2211.69230642372
2178.251449958407
2171.7711502914403
2112.926447088271
2074.127162709085
2146.2738013601606
2195.3674538208247
2131.4663223311823
2063.1463132267545
2152.11552398039
2110.5833494601347
1988.555568643904
2216.4275416003693
2197.046522611448
2160.2139487158197
2116.7091644538687
2131.2538277269
2090.8369279917283
2025.114482786273
1959.3621527162002
2130.565370429275
2330.518961942572
2237.834824372507
2046.0019979223773
2139.9783421858697
2063.273911931819
2143.1917019030634
2073.1671337905755
2149.478226117972
2063.221869739619
2159.422723647359
2162.54038384754
2116.4455083674125
2168.002574430732
2194.131172301446
1963.6025249999843
2053.4119653601824
2121.589762968841
2227.483066885538
2298.1828718803044
2176.8264095822274
2231.1449989436583
2234.2561763642852
2101.0297780570913
2026.945800168889
2019.517739432648
2155.5734251077956
2162.5472306745473
1958.552317686731
2270.8483870673053
2136.2223244129123
2079.4611287334246
1999.6592531394247
2134.6140150138576
2128.3245289066444
2067.7932123759724
2233.6638544872103
2158.3022088873454
2285.1579605520787
2088.077380590391
2112.7431446359747
2194.2578902964847
1987.6037769749046
2117.0426273657836
2144.3153281261134
2048.381610812562
2070.2287504402047
2031.243671049378
2262.855913421833
2181.932354072134
2121.37269267008
2107.5761491855474
2227.255926061131
2189.823740607787
2052.0075038916875
2227.6467045695963
2228.531653258297
2147.9064654103877
2088.3699335930773
2090.1336768561005
2058.5224855445676
2048.583180557708
2030.1418734887338
2186.0544670372065
2171.3870021804064
2166.3356258714675
2263.0051931714256
2147.8016498866946
2011.3999785941578
2005.5314107162649
2121.064317501487
2094.988199679366
2034.1657943774487
2122.302246252462
2292.0563976033613
2086.931597039757
2162.4319401982366
2194.6749305411977
2151.524961570512
2021.8368868365822
2075.6109494838356
2177.252601215899
2155.8711038969545
2186.9408061484096
2092.2130445888415
2153.114411149561
2135.2277630792228
2146.1970020426716
2121.1174952599513
2159.4968493582032
2053.073450470734
2187.2561757618882
2069.9454964443544
2158.887314892718
2059.333234713485
2218.6732206238134
2130.775151047395
2242.5335108576865
1996.3278889597582
2187.309608376591
2114.699751164464
2154.103075177967
2122.529279838509
2255.1405062284134
2153.0580431218796
2091.3813120852683
2152.6674860402304
2169.994627513849
2073.5060915336576
2105.6299084184598
2206.4893792326593
2066.4323344233508
2111.836260046508
2156.3004473731808
2137.799834807902
1976.1033478539368
2001.0769369761206
2173.9590354824236
2114.5701361831093
2106.6383514035597
1912.579108224108
2092.9284229059235
2181.6600178825342
2066.8167039612013
2078.6389186163588
2090.1178546901933
2196.5345543685326
2196.819636643279
2013.3155610249628
2142.3346621822066
2057.398456847401
2195.049739265878
2133.818980772488
2127.7358685846007
2125.8436459064865
2201.4190692947755
2061.1326863374697
1973.3391774285067
2195.5108008828574
2119.054278358295
2134.060405722422
2160.271009456132
2152.1379027347903
2049.651405322167
2119.921900270129
2188.695902737711
2008.6138388385398
2041.1076673267269
2101.6839577957744
2079.1909141056212
2093.721152585344
2139.620195957605
2177.3642705166963
2223.438964566013
2248.7819060083725
2185.5228674554755
2206.1011267129606
2034.9654446928157
2125.5858890781687
2128.4147316396343
2114.970254077928
2061.9835719439498
2147.1011726459756
2017.6709689288198
2143.769410989434
2137.2627403950037
2142.5624288604017
2038.0172902406018
2035.9364582764192
2163.189323611294
2176.117547474121
2049.575189526094
2239.3607304316893
2039.0779968447184
2102.1466312620732
2027.056038667666
2023.1555382664117
2142.351546105439
2182.4150229247025
2093.8862141213262
2237.830027251211
2173.3757981354634
2093.2872284173977
2128.3864201976744
2161.3903886498806
2056.2572489912463
2185.539751378708
2268.390287248518
2158.1550526524034
2036.7018290799892
2213.2750517963977
2047.5989182293667
2093.2148956031724
2174.5718694083407
2192.7661949374
2215.078750449685
1974.609226794351
2310.6147686188247
2143.313879585899
2178.552502016938
2062.7141485260063
2154.684741055125
2127.6543055752372
2042.1649672320505
2059.9006498945378
1997.4743367908422
2132.1773413833607
2073.733453784882
2228.377133533775
2103.9533321871822
2065.5925072909045
2059.5774808879414
2127.7047743447806
2183.965538491296
2159.034323509782
2019.9667880566296
2178.547262042009
2028.6858076844317
2198.1923799710203
2065.8579986063514
2125.703672113825
2085.975270055796
2183.9759396349746
2049.38800409195
2072.118735415212
2241.864718328299
2087.080655362533
1977.6639693284533
2214.2921748846416
2196.792937050638
2027.1538213198116
2128.4699591038107
1928.1833475322328
2277.770117012435
2275.873723066813
2112.9570296627594
2064.548355944843
2055.151568448754
2042.3386754417552
2122.1204818405463
2101.451172569467
2165.135200330928
2136.5526020528505
2018.1210458807047
2148.100464242118
2063.905053632893
2126.728487356826
2089.3353835338153
2151.3755342030418
2186.14053193211
2087.827751820368
2287.7142120677054
2108.573343746364
2148.0788166270113
2065.814924802955
2031.5506892248904
2081.4919347816976
2071.312495081931
1989.752077773174
2106.9937502162406
2066.2902705454603
2185.9939995981013
1970.147867800536
2126.58019555562
2069.8076107840675
2098.884084006624
2177.7394482860714
2132.139583316687
2119.821222584522
2228.2121054272143
2037.4507538167197
2146.479813184889
2004.9991518513245
1977.7805833684238
2189.0122198172703
2093.189331576796
2062.5302605994398
2088.4054609067393
2117.4699211362977
1992.6297368753455
2040.505529780244
1999.5266358862477
1998.6275172604774
2106.184358040405
2071.095236785775
2168.16287227484
2161.2212561346555
2085.721389259231
2111.9901154905797
2184.4667031164163
2125.0853483539818
2194.8058621361165
2182.212639225584
2066.591463271773
2215.0849045640616
2144.504710883847
2102.5950136527495
2221.54044710574
2115.395424333791
2150.603095145647
2089.9619829698313
2108.7819957483152
1948.9567411877124
2043.9666161796258
2093.824027594541
2035.5813143199764
2044.5982341637546
1929.6167059169577
2212.240823358105
2085.4779884125237
2055.1736923469157
2225.459074234852
2110.3389556678003
2060.227884883137
2113.340008778107
2217.9267480669114
2284.971910684199
2109.9173043463315
2181.3430698491575
2146.555369697753
2022.7789296950166
2197.740436313578
2045.4998453488706
1944.692638153688
2254.015120538166
2063.524090793836
2046.466721094388
2089.628998293827
1982.4663023416406
2143.931436824173
2106.9515236934485
1953.9473567746452
2255.691294295327
2043.4518670917055
2178.626480109905
2188.806107807067
2200.498231197814
2166.9573947567665
2160.9647067286865
2126.928526114477
2186.100831398085
2044.2724987888737
2156.6515253476214
2191.660292968091
2133.322539459724
2191.3902613404416
2221.3659319949484
2089.7551661968714
2115.3735956713854
2107.9565599797556
2215.609690748207
2126.598215045117
2093.8524128454396
2094.88162273562
2159.91425365037
1984.6379628926004
2259.7273757949183
2185.643835763108
2058.964613532603
1995.3289329788893
2076.787315608958
2063.426376953388
2075.133810844711
2055.8185326992457
1856.0977598416782
2115.6817494131615
2200.8000143956383
2198.3559034666223
1992.7959743571098
2172.4176024930894
1994.3809908623166
2052.4345762353855
2181.2265699976433
2163.8074309415615
2172.3338421601366
2099.994414052534
2143.6863837486294
2076.7602135422017
2111.9246698828792
2198.3562725113165
2018.7133677577797
1986.5013958928448
2076.649275380698
2118.271364348283
2039.159962328198
2204.7632867979487
2125.168410977063
2107.119044359355
2285.901833311275
2106.90687842025
2061.0896882958673
2029.76892647237
2137.7078322281977
1957.0453502537341
2045.6984936840186
2072.677289445822
2218.510644697081
2009.611625823723
2101.6592744794243
2069.292418842514
2145.756485903956
2045.542038442241
2072.503326379879
2183.9070135195416
2214.8231151831633
2113.411460882307
2028.8006218776875
2298.405108345056
2054.0821148826503
2068.8356780637755
2121.4651665355987
2144.249956327352
2111.350991396234
2142.3052889829214
2125.4590215123976
2112.2389039300933
2133.094041642236
2124.0684416953136
2156.954881968102
2095.2158167868283
2136.8815226997076
2102.24529267139
2154.9156172435023
2093.391055992705
2192.143290485837
2228.860573905154
2051.3632874402906
2078.5517515846127
2116.7149160941294
2133.3857543144136
2140.229401757912
2177.2187999400126
2184.341596970697
2252.9250407347636
2070.0967924702372
1920.6083185584455
2120.251042343803
2182.371513217768
2125.548238249856
2084.2269464845635
2035.5534791610714
2214.7973297299704
2087.234072950212
2065.1577427924494
2059.207174048801
2100.670496262562
2298.968311879083
2037.3945737864333
2153.988187175772
2050.962512215118
2030.4922537533025
2072.2931363375474
2137.117088771021
2177.512086034847
2117.26219022389
2052.43274795649
1949.2105481753388
2188.919603433904
2238.5558805209103
2178.500459824738
2117.0839397491277
2256.0724785612015
2142.625643715091
2230.6243505975995
2196.448927330022
2192.7287989653255
2141.5665823897148
2177.074574120809
2114.2090211124437
2121.506224062705
2060.2102344383347
2074.5907503148314
2004.9482452253887
2164.106023870169
2083.3164337694866
2012.6433283673614
2157.9137753203477
1994.6410188231628
2126.2964702739555
2147.0904094076986
2156.103701125867
2161.0102661413325
2143.373687741795
2155.2890355456807
2128.9209886218055
2118.107143142809
2069.543733270795
